 -0.01825336225474024  0.16476087016522437  0.25937547735692407  0.33397670235374788
  0.39777052181489886  0.45483058068571924  0.50613493314221902  0.55425218285598743
  0.59717229949365092  0.63702008702203061  0.67361424592247765  0.70677548813170177
  0.73759742090255076  0.76616658990900000  0.79213702260028163  0.81591882492106416
  0.83708770778609998  0.85604627552079204  0.87299964700667343  0.88807789076880406
  0.90146984275589825  0.91344587584279302  0.92346820576623911  0.93248248924683486
  0.94008299168402032  0.94636778191891846  0.95212644984314554  0.95721120283345806
  0.96011232215383469  0.96225774492422700  0.96440794806629870  0.96645848311478311
  0.96841137110185183  0.97026957069387543  0.97202458674724179  0.97368043186851749
  0.97524398091004727  0.97674884539291207  0.97819762282616274  0.97951839576756916
  0.98065125143005161  0.98171579221846150  0.98273324221411451  0.98370150207695917
  0.98461452987862030  0.98547127145175217  0.98627700411956665  0.98704370886494408
  0.98776544242761044  0.98843929764533311  0.98908172703417208  0.98970135110378055
  0.99027736310770587  0.99082136096335094  0.99132196804019712  0.99178635655997116
  0.99222492710360399  0.99262827461362202  0.99301416075179194  0.99337914154618490
  0.99371621777653529  0.99404641656438353  0.99435041482816189  0.99462303840402411
  0.99488645972232903  0.99514348540948405  0.99539091928240953  0.99558932367484776
  0.99577332753946035  0.99595373015050537  0.99613036838861690  0.99630352809744815
  0.99646518208247903  0.99662190630096570  0.99674654110164640  0.99687027572995124
  0.99699176635099940  0.99710966980439431  0.99722347063100436  0.99733239338363644
  0.99743687959770988  0.99753984794161821  0.99764061137953175  0.99773219744481989
  0.99779991419701231  0.99786797002644478  0.99793769445187797  0.99800689671656506
  0.99807229841017919  0.99813770010379343  0.99819855567275073  0.99825910727954081
  0.99830278963815289  0.99833420462977829  0.99836161578391291  1.00000000000000000
 -0.00233137636350685  0.00819191891430301  0.01807058931550997  0.02681779140837685
  0.03543046081800239  0.04421754505311815  0.05287136870422892  0.06143474245346387
  0.07015726522090923  0.07816891225836226  0.08873604039075812  0.10134606677436823
  0.11449947142548202  0.12726811522585135  0.13959494062073421  0.15193085234425049
  0.16417105003647445  0.17598382506099908  0.18776388614761472  0.19998027613983613
  0.21232860831042033  0.22409152745821251  0.23542214889279195  0.24647624119885700
  0.25784071099596972  0.26969705343583528  0.28126804132417321  0.29206171666967673
  0.30283658191722229  0.31382627252260037  0.32484962608811530  0.33530307640248203
  0.34451048299556752  0.35312501162329069  0.36143134420297685  0.37061695855025933
  0.38060323551750902  0.38995252348971349  0.39901775376933007  0.40912238294753611
  0.42015919789790485  0.43485123472495180  0.44850149257445410  0.46113294472674615
  0.47245409564211499  0.48303612502410365  0.49324009255180190  0.50312277342775102
  0.51260941712631924  0.52183773947065148  0.53123225268180918  0.54175702479714105
  0.55466492468418171  0.56850891285968552  0.58053411635670904  0.58956552863537992
  0.59747281768053939  0.60534697001707516  0.61325027581734393  0.62124995069397881
  0.62972423846424941  0.63808390836983231  0.64753674740753220  0.66056109997734791
  0.67533501590413103  0.68995001237415576  0.70309660827279719  0.71493999235027827
  0.72619414970852969  0.73783692085660924  0.74944437340024816  0.76008747119109454
  0.77029949354477489  0.78067949684172089  0.79041435969234908  0.79839599021352792
  0.80617044576003127  0.81408766362886309  0.82142256732432595  0.82907901160321251
  0.83744518815790270  0.84638863058190872  0.85560774732694889  0.86604512068425710
  0.87705524455232775  0.88864441464028976  0.90107354465414113  0.91298121530333620
  0.92383903798905931  0.93450571373290758  0.94568359349024356  0.95787797870367797
  0.96853812943221607  0.97836661962835814  0.98868706368804626  1.00000000000000000
 -0.00341412071539293  0.01113881652950960  0.02494502050223295  0.03771671312820152
  0.04871630015588239  0.05859491696621217  0.06796289367341622  0.07729535538082366
  0.08631686582905528  0.09554236795034741  0.10534012370601580  0.11569064216102538
  0.12614580410771672  0.13645419083621760  0.14646184873869739  0.15692827400278203
  0.16711371308344786  0.17312512404448757  0.18076194638407350  0.18824633925756970
  0.19561656307311490  0.20299557704183224  0.21012614442530517  0.21687962055582086
  0.22416836521193087  0.23275469689062678  0.24423586185755239  0.25524789127666947
  0.26644208443121914  0.27775033769263374  0.28850261829411616  0.29962848511941342
  0.31185316752971814  0.32384994240767850  0.33582568380002187  0.34785326059678318
  0.35991054540152129  0.37118200546289754  0.38193855339797639  0.39290405374020082
  0.40450675635027650  0.41611054331095454  0.42670914999145859  0.43705701127261459
  0.44698536807685429  0.45687397506322003  0.46683614712810495  0.47618806066514796
  0.48519804661120214  0.49341116339082469  0.50171756762913833  0.51394076050815063
  0.52533066483155677  0.53678640330262284  0.54877994496502136  0.56060649522706363
  0.57197705882841765  0.58345858341271650  0.59565985869250559  0.60806380886062084
  0.62029701323604725  0.63279832461845975  0.64546468820740011  0.65735915778673071
  0.66937292043245888  0.68058145265404191  0.69085772041267302  0.70073368380882439
  0.71088280597932041  0.72168510680006270  0.73360603372501298  0.74512324759786375
  0.75661348118931737  0.76721138297979385  0.77688407275461746  0.78627915558077999
  0.79670872652172586  0.80723242859838751  0.81827619461664958  0.82783138455908756
  0.83911661659196912  0.85119593651983905  0.86528931767144091  0.87937894278638606
  0.89281955770978516  0.90594105245819923  0.91896925695724796  0.93131927163003780
  0.94135167272833664  0.94970501892255688  0.95822546155845256  0.96672347210581677
  0.97559709246756243  0.98385712833108474  0.99142996329471156  1.00000000000000000
  0.00774880818703739  0.01527141136773609  0.02301689581455337  0.03186623331732754
  0.04147851786162030  0.05143564993725473  0.06238116202642116  0.07448414031922930
  0.08594293751192579  0.09617213301180513  0.10614137336048217  0.11610519761196006
  0.12650101195869906  0.13416087724011444  0.14211160999944619  0.15016033887435176
  0.15872573554234987  0.16785873407563559  0.17743789386783168  0.18584023509737913
  0.19697362901462048  0.20882777848789752  0.22113672465966364  0.23200033901530129
  0.24225394044797660  0.25364134286104723  0.26895932717048743  0.28470216492627620
  0.29722801697941748  0.30598213323205659  0.31511722952463961  0.32463395480715934
  0.33488743292122936  0.34538443660766305  0.35744599918510206  0.37108338471269409
  0.38535029532342635  0.39985901094728493  0.41462756106404924  0.42961061658100114
  0.44385812883746056  0.45709693495980097  0.46991598649866645  0.48237824753673869
  0.49475623356215731  0.50657319150135116  0.51773737821923715  0.52880719069327387
  0.54165743563374802  0.55728553211383502  0.57339697901209252  0.58778366722387143
  0.60120579020165643  0.61521533041028720  0.62940163277374006  0.64373479022141400
  0.65806745167275538  0.67070444040975441  0.68176030643173957  0.69094221617273743
  0.69948815484584181  0.70841035200512203  0.71714799313033273  0.72577278272753909
  0.73448689395176225  0.74321435569695449  0.75297611835918610  0.76358096902664718
  0.77384854657971369  0.78302805755568072  0.79184297299945372  0.80050075620709094
  0.80919845318758077  0.81856818904766915  0.82833474432869514  0.83818266930412799
  0.84815533805636623  0.85818634365429292  0.86774259092763417  0.87634774239375812
  0.88637209022906471  0.89569422796105835  0.90485028280228996  0.91444594450068850
  0.92401144299143367  0.93314428156609952  0.94150463342096191  0.94902803398519786
  0.95622052540006663  0.96314185754215009  0.96985151483607479  0.97657865098152663
  0.98241872254531926  0.98780568321186102  0.99383427047429440  1.00000000000000000
 -0.00283810359080387  0.01071677529818736  0.02102928778339968  0.02992220101042008
  0.03892008205854881  0.04767246642479814  0.05661234637519071  0.06590287027611202
  0.07592264731067623  0.08537063698749799  0.09522566162132894  0.10502907522959676
  0.11476767431279222  0.12413407547494851  0.13289830403445294  0.14145256017838878
  0.15052333069476090  0.15833601970254368  0.16613513028920363  0.17387920014129812
  0.18289992690444587  0.19303416619447381  0.20604075744342393  0.21889008635113669
  0.23191417045052401  0.24415579268784179  0.25639194583134378  0.26925740686586197
  0.28048468934781240  0.29127811860143676  0.30233176398403400  0.31436895735373649
  0.32499577345737313  0.33462999146244682  0.34429505817973433  0.35388947849818519
  0.36433212257979297  0.37546142118258269  0.38656376596413827  0.39810030985565492
  0.40970614078831480  0.42139520120626683  0.43447544837644048  0.44819836738810520
  0.46179093583886655  0.47552984131616405  0.48939416455605522  0.50360124987394039
  0.51807311325327299  0.52720049630400945  0.53477721204670159  0.54265492781970459
  0.55057276233097585  0.55867156848575006  0.56658981272286013  0.57415340135226256
  0.58070762438238333  0.58792022582120829  0.59621066185325589  0.60543208617727873
  0.61554902438574277  0.62617757098485261  0.63660860648539053  0.64709884319501398
  0.65821452263580682  0.66970090758022238  0.68178332123139596  0.69339155171587263
  0.70355195437037976  0.71354888464918331  0.72363828229349192  0.73503905125681734
  0.74601525095552335  0.75908585246765126  0.77209251551141189  0.78470910111340275
  0.79694853668463306  0.80907821755451037  0.82162766131200060  0.83500866954347874
  0.84936622339839962  0.86420790457980268  0.87775447332163026  0.88939565035028112
  0.90022521125621635  0.91120148992336913  0.92122339480202720  0.93061621811211825
  0.94036065417380121  0.94962037092710017  0.95829693986593556  0.96666470577709540
  0.97494868313812333  0.98303084779984795  0.99098911052470129  1.00000000000000000
 -0.00298643480795502  0.01484332378796074  0.03027842378716883  0.04336479942368551
  0.05226394662797573  0.06214939761955524  0.07120569362215899  0.07973477115638500
  0.08836383479706239  0.09746268405300325  0.10671813668479239  0.11634273477614498
  0.12624135350941443  0.13628223243579357  0.14601526348050864  0.15549413662944286
  0.16475006583723723  0.17471997691683777  0.18450378419372657  0.19362602283433361
  0.20262419737612791  0.21223092025848833  0.22214756487722809  0.23182090441886471
  0.24181066670710391  0.25312662223807880  0.26720752589850078  0.27759754778106549
  0.28708634916058434  0.29687861157514656  0.30741416118046960  0.31672532722736807
  0.32559624894756867  0.33507726805100846  0.34670774499678136  0.35965231310714979
  0.37228194215396476  0.38509431693411933  0.39790253347331600  0.41090361542624221
  0.42204217851556353  0.43172291067517932  0.44092558143842653  0.45014818404125129
  0.45957389993476605  0.46938376801757026  0.47951791148724393  0.49179095962625269
  0.50519907257016117  0.51871686547646856  0.53168028428699765  0.54490843792274746
  0.55825795927544108  0.57035297803318730  0.58094929467353362  0.59087390568071985
  0.60084382774858369  0.61110360201181513  0.62153327346721599  0.63148416934271756
  0.64108740680865661  0.65155781911107702  0.66262534663209349  0.67237310846951470
  0.68144220183553716  0.69054237646308669  0.70040420043388973  0.70944245177726439
  0.71848003833730978  0.72779213868101389  0.73899892560338998  0.74999255442007939
  0.76112694000969827  0.77217583905264975  0.78362770516819302  0.79555216139609419
  0.80718197887789112  0.81837435104150869  0.82952472083278950  0.84082776063669296
  0.85233065217934034  0.86396227965177863  0.87582733122195244  0.88806943006661587
  0.90041840923474203  0.91242977466815500  0.92372916596342569  0.93480429101623586
  0.94583586619766791  0.95697206247652611  0.96550324123525511  0.97391527876700157
  0.98170125760932336  0.98848479598079997  0.99430857046370169  1.00000000000000000
  0.02571903150278613  0.12155421460798360  0.16228661501299987  0.18615895649139058
  0.20614952973617018  0.22457457546803961  0.24265373154356235  0.26215153671503522
  0.28160578556292265  0.29850397361841308  0.31488974266934100  0.33168045979521615
  0.34791784709523149  0.36190021273279177  0.37469250796471432  0.38522113536295610
  0.39615008379422101  0.40713625697179096  0.41811389965205431  0.42811414033933287
  0.43699948149343198  0.44490911323917448  0.45281003137488129  0.46141824072149307
  0.47008561219569261  0.47875798335121267  0.48755144180230747  0.49649628993110018
  0.50467226094595741  0.51266080239171263  0.52040357998210585  0.52817934813151945
  0.53597493971425181  0.54373226086385518  0.55125105818025211  0.55921562463968366
  0.56889444531622502  0.57967083781854933  0.58932073135464880  0.59733982679838626
  0.60482479191990979  0.61175098850579235  0.61878791120552878  0.62619141588122484
  0.63371014608056786  0.64111107194078853  0.64861083071502501  0.65660294329735935
  0.66447157849670246  0.67138285222330307  0.67786863704416578  0.68429570253014316
  0.69035179803072222  0.69604823231282476  0.70177563429127177  0.70764344963643189
  0.71346300945915808  0.71924161998996339  0.72469018374007266  0.72977105046140567
  0.73474034222435780  0.73978831379718213  0.74465037093569819  0.74980038767294588
  0.75495038225432498  0.75984833208889158  0.76465022435132213  0.76931781671232258
  0.77406297779113886  0.77915645239404185  0.78488668709508902  0.79105681514234460
  0.79757158266139705  0.80391690095877866  0.80957673271154174  0.81487267894663995
  0.82004579165635438  0.82555266099747526  0.83030955939035755  0.83445229980896440
  0.83861910952966234  0.84275879028691203  0.84691096728270132  0.85110809768608564
  0.85591490001446768  0.86191057555387707  0.86894286162519863  0.87528464308617115
  0.88253505295166412  0.89050459099939483  0.89885479165537163  0.90759169459024580
  0.91769987668757735  0.92853402532498708  0.94130510513446775  1.00000000000000000
   1.5314700205761772E-012  -1.0000000000000000     
 F F F F F F F F F F F F F F F F F F F F F F F F F F F F F F F F F F F F F F F F F F F F F F F F F F F F F F F F F F F F F F F F
  <DiscreteSampler_grid>
  grouped_processes
  1 # 1 for a reference and 2 for a running grid.
  10 # Attribute 'min_bin_probing_points' of the grid.
  1 # Attribute 'grid_mode' of the grid. 1=='default',2=='initialization'
  0.0000000000000000 # Attribute 'small_contrib_threshold' of the grid.
  0.5000000000000000 # Attribute 'damping_power' of the grid.
 # binID   n_entries weight   weight_sqr   abs_weight
    10   10   1.732830565396341E-001   6.569152181879648E-002   1.732830565396341E-001
    11   10   1.732830565396341E-001   6.569152181879648E-002   1.732830565396341E-001
  </DiscreteSampler_grid>
