 -0.01860102440633403  0.16372540400156388  0.25885752152787211  0.33270892417335085
  0.39536227561566478  0.44931578222596635  0.49864292107993108  0.54605810598178539
  0.58971946265392772  0.63185523803839438  0.66910352921996963  0.70090161867111234
  0.73014040884448161  0.75848528469138266  0.78508284966014263  0.80940965056852576
  0.83101668309578480  0.85043623242154898  0.86795720710822943  0.88373750893777958
  0.89745441071467991  0.90923820172358927  0.92002724858359974  0.92952019443416056
  0.93757508359636932  0.94382618220973724  0.94939721789370113  0.95488198129394430
  0.95899282697725996  0.96140314613076394  0.96357873945690453  0.96562676202643249
  0.96768201863875380  0.96970653655914019  0.97156837119564621  0.97336462643495592
  0.97501533941322771  0.97660103942412591  0.97812595894414933  0.97948364449523928
  0.98061860971334436  0.98165719851583233  0.98264413983993459  0.98361608401139955
  0.98450008746311302  0.98534538337985933  0.98612333813121833  0.98685360138792133
  0.98753655732585155  0.98819325840034511  0.98880431414669900  0.98936508244835197
  0.98991180468226558  0.99043403482038506  0.99095081190168166  0.99144056391535296
  0.99190018449314488  0.99232706015699657  0.99272852258846589  0.99309967939707600
  0.99343978012512046  0.99375757635796702  0.99406604483716587  0.99436425407832352
  0.99462212099209857  0.99488326480007017  0.99515018183036374  0.99537662732900500
  0.99558732997378752  0.99577792666379583  0.99595593844403030  0.99613032768483301
  0.99630124560810229  0.99646327173678240  0.99660455092665456  0.99674027211942695
  0.99687073042565233  0.99699416521197926  0.99711493033358900  0.99722585221011839
  0.99733418793376927  0.99743908047287200  0.99754201553003785  0.99763630379402524
  0.99771587735218470  0.99779490441480234  0.99787018548830253  0.99794544174530075
  0.99801983154637786  0.99809422134745496  0.99816282120569477  0.99823080066683789
  0.99828333073372322  0.99832459253240236  0.99836057397433786  1.00000000000000000
 -0.00143190010152214  0.00575147108735176  0.01310069358623133  0.02196342117420766
  0.03217738055211284  0.04191360548437348  0.05084869212604439  0.06108934948760286
  0.07382697027293385  0.08673609245521591  0.09900254934201450  0.10899570197164082
  0.11686563752926761  0.12487111252696964  0.13250964325644968  0.13898277451329535
  0.14539704846240561  0.15331676008578093  0.16185443250238599  0.17205868549858666
  0.19076616053129050  0.20665449296457966  0.22152512110799835  0.23367161286039312
  0.24445170157337509  0.25396798842344115  0.26283892585106272  0.27300283470311515
  0.28226712449226721  0.29128942472943020  0.30087074268482411  0.31163908466540935
  0.32412003102487724  0.33611640091716954  0.35231246395632632  0.36632799241316466
  0.38028073202339935  0.39313806752791586  0.40423394334946222  0.41629220799857591
  0.43087557347601613  0.44541429197559523  0.45724276578645395  0.46691121510569861
  0.47458264704682201  0.48178876774257789  0.48898137944903713  0.49659448768846703
  0.50587555384331828  0.51597283840527064  0.52566520069595091  0.53549098914309001
  0.54643824818145892  0.55810057893797826  0.57204097376743568  0.58737777357790910
  0.60244939213853754  0.61559613227886578  0.62749124850106508  0.63958597628742242
  0.65117503070262162  0.66336992985412668  0.67350044921480157  0.68310885883845052
  0.69311942603365784  0.70333836215624757  0.71384384808765244  0.72499749953109660
  0.73728857598820730  0.75020286589366514  0.76349032280841622  0.77679918037884044
  0.79066631164170764  0.80568796604167381  0.81886242195242420  0.83175514654790728
  0.84541022728260984  0.85960627080321950  0.87337977333672112  0.88495258573052449
  0.89529131579135457  0.90390600652149844  0.91299688085096042  0.92155846586784307
  0.93014992360876869  0.93814670321497751  0.94471544803505592  0.95147848841822169
  0.95821819492356142  0.96384073368813483  0.96885526581042147  0.97383394450188776
  0.97853201359804820  0.98432166707104363  0.99125122383145736  1.00000000000000000
 -0.00469853049936512  0.01590313850138355  0.03286430271018721  0.04820253272558389
  0.06199974061472948  0.07440234719039862  0.08594093623715338  0.09726929363732403
  0.11059775366668145  0.12260228963318384  0.13524888472973562  0.14501010051939195
  0.15321202084152927  0.16301160687153468  0.17366743544284097  0.18499156179092552
  0.19787436075031653  0.21196666815333096  0.22555304214678587  0.23722021770577123
  0.24654263453653807  0.25509044814489273  0.26315619737110801  0.27141983260167118
  0.28030381577394947  0.28907185191420948  0.30021473541542298  0.31178995867897435
  0.32306865565331433  0.33355519557009350  0.34312792348349225  0.35201059730556283
  0.36011220867579397  0.36858092554882038  0.37701461657664420  0.38577982037827546
  0.39298181458382353  0.40496007840114046  0.41869486305417364  0.43364568570676038
  0.45035026309936677  0.46275082584038668  0.47245733508075988  0.48119547677208502
  0.48993893784096643  0.49915721790473933  0.50791190111149875  0.51681574128934071
  0.52677466590554933  0.53854808153630074  0.55096310628544254  0.56490787132333753
  0.58047112415756219  0.59619919914087915  0.61170296824241910  0.62495711332907333
  0.63300848237053942  0.64147753184014700  0.64901102463215410  0.65608587978582678
  0.66404662712408580  0.67193768046694891  0.67941969106257960  0.68913954837289093
  0.70090058162988833  0.71144175209314497  0.72351669380457750  0.73295500149310888
  0.74177308192403002  0.75083946819225234  0.75981337623919687  0.76956377837906131
  0.77900255662511519  0.78742180692122665  0.79608837819726985  0.80565407452640037
  0.81660369096451735  0.82802211022673833  0.84053141259225295  0.85233218936884469
  0.86535372487434792  0.87632184169863814  0.88135057065500033  0.88789463480740760
  0.89582187083100051  0.90332589166730137  0.91054886628961396  0.91669292220824972
  0.92229096393526611  0.92832796622451375  0.93561934844920103  0.94935942837877385
  0.96488064533930373  0.97794316420598204  0.98931241680739923  1.00000000000000000
  0.01135574775044707  0.01783568391001592  0.02418569628351218  0.03254571894184215
  0.04134913621536889  0.05121423808391699  0.05950946803710946  0.06589144639330556
  0.07177458211715494  0.07815894411230470  0.08747048430043194  0.09573949759410641
  0.10294813944971679  0.11009955303222321  0.11707361041618614  0.12431546477321891
  0.13289251381886855  0.14071549206837519  0.14937348206024320  0.15841202912792055
  0.16824282422072809  0.17855388364388286  0.18951935863923577  0.20289655899244416
  0.21959643691899364  0.23643766604634656  0.24771262552492840  0.25954611158097401
  0.27133529832155806  0.28385392246057367  0.29715351142633811  0.31021393719478629
  0.32243272492664465  0.33525285370162877  0.34696506632455582  0.35991502410352416
  0.37291461519994251  0.38329378447274542  0.39240469840365055  0.40145610444993857
  0.41138795724264515  0.42022150078657466  0.42869073346089687  0.43733545015152042
  0.45089571133344808  0.46732210402248425  0.48265618259076376  0.49840219604989339
  0.51271528512274311  0.52969248169433936  0.54451108402521597  0.55615935915090531
  0.56771682732938089  0.57978522712560998  0.59069012023596668  0.60238936529910725
  0.61925071215810157  0.63345630256787899  0.64358632472748867  0.65330057734286384
  0.66289454225536582  0.67271495663474157  0.68186211638060412  0.69408057394014244
  0.70945281155219175  0.72464849264297737  0.73750271604994533  0.74833969693634250
  0.75908738818420574  0.76999525278038072  0.78262949122551106  0.79492353844808383
  0.80475491689716727  0.81410871257599660  0.82405693408417335  0.83360564493180933
  0.84218472957052859  0.85008948199975076  0.85745932604535191  0.86470049577958419
  0.87208937086446081  0.87981684660189718  0.88753335899271990  0.89513691921060001
  0.90286724655827066  0.91092727306782817  0.91945401367935176  0.92653782714320154
  0.93376345213515988  0.94122605934143089  0.94909221991993264  0.95729370298086092
  0.96639077253384864  0.97759917914749750  0.98878072007004403  1.00000000000000000
 -0.00302866347939679  0.01256721383854651  0.02671568116830428  0.03934435101474831
  0.05086942389164541  0.06230714132534244  0.07511584099980499  0.08968845594344396
  0.10453316673856075  0.11756922582913561  0.12728661535019284  0.13585047692951141
  0.14481776882557468  0.15379207405122505  0.16422500512365196  0.17522456658287278
  0.18529912180440644  0.19362802892999778  0.20148953152710464  0.20921720422665335
  0.21761115265110850  0.22812888724499955  0.24086508505523613  0.25479925022119959
  0.26901535268449067  0.28241472372959348  0.29598464965577853  0.30819290264844856
  0.32102865370841632  0.33152145898336832  0.34347364497009730  0.35765191294993720
  0.37456969471133472  0.38382392252716446  0.39054482106509425  0.39757942363370119
  0.40497220909143222  0.41262330810184905  0.42107996973928552  0.42935995671619842
  0.43844798979631322  0.45573048266302008  0.47029275117761971  0.48410529452090190
  0.49625858603237166  0.50694832343257257  0.51757308722168061  0.52856781247308848
  0.53896995543183168  0.54810775433559344  0.55698706202317017  0.56780566584759851
  0.58094852071088843  0.59393644365098819  0.60480173843313279  0.61358387201803688
  0.62221252003190941  0.63169452673382642  0.64179791691283972  0.65211109625520280
  0.66096836682344895  0.66958804114858572  0.68219873260814001  0.69022537591306354
  0.69745255234726533  0.70657072434108747  0.71633239251822189  0.72630122233066208
  0.73429950284830070  0.74190234071556349  0.75019716002189829  0.75853283217582479
  0.76648540167117141  0.77437669442681800  0.78959505674195452  0.80276494647441898
  0.81583150127391413  0.82895569283314141  0.84211002077014308  0.85639190855226255
  0.87080719414051000  0.88393234929516684  0.89428808266292270  0.90272903836276008
  0.91047629802750341  0.91770210666474761  0.92520242753881887  0.93371260789762933
  0.94254002846355445  0.95061124478370773  0.95794913586930952  0.96644971218342424
  0.97482255352943836  0.98310003544556201  0.99109495353495125  1.00000000000000000
 -0.00105388967714754  0.01197284601927626  0.02462668025495241  0.03969520821543814
  0.04745993476332325  0.05496265440594248  0.06255146002373223  0.07086947544101302
  0.07961313737631734  0.08783297816933164  0.09442871713974520  0.10061844614590372
  0.10831905688058985  0.12055294141545282  0.13589407497923722  0.14940182378790140
  0.15925871898706978  0.16898831557628161  0.17862964789701297  0.18862033922424309
  0.20064635515804941  0.21480733261712454  0.23099835533181307  0.25036855463937546
  0.27192514078486757  0.28942091404768006  0.30167007835820547  0.31128387247880934
  0.31936583577626781  0.32639435005226142  0.33299435918342563  0.33991421562253876
  0.34706943067445645  0.35485453150589658  0.36343486898078792  0.37444786973515337
  0.38437797084722969  0.39401460901123619  0.40521536644006922  0.41778944782452809
  0.42935643070955509  0.44029440868586717  0.45058810563961016  0.46241735122736344
  0.47748383426070923  0.49327392623791999  0.50745116346840458  0.52019099558540338
  0.52838299385986742  0.53697255395204257  0.54513339100205471  0.55247885483853520
  0.56096143106407026  0.56914315088084477  0.57717222471396135  0.58525163361869637
  0.59364953394558984  0.60223469739885749  0.61219607911346552  0.62276547956565742
  0.63176083860729704  0.63926437784499379  0.64626055204320154  0.65324303766987979
  0.66010890347408280  0.66767749198765813  0.67492683274398424  0.68338741758762545
  0.69218333788598874  0.70152707047879559  0.71067106336244545  0.72036674965258229
  0.72941927358826986  0.73885745065877884  0.74914813779521161  0.75983370743335443
  0.77064607011826936  0.78184570175672807  0.79213831222636799  0.80127559395403603
  0.81059149865551039  0.82756809250329422  0.84375735692111831  0.85808278330937127
  0.87221886467887433  0.88570003661158236  0.89800234312601812  0.90850409285723288
  0.91895723391449224  0.92880863736684072  0.93888088256866742  0.95187525135734796
  0.96560741636422032  0.97791103439224170  0.98893152370761728  1.00000000000000000
  0.04676643647371627  0.14243146922461944  0.18394409300445191  0.21013888896134625
  0.22941221274066154  0.24467291814745984  0.25973782755293129  0.27267764369775999
  0.28002072249821930  0.28732979080556398  0.29387886051623258  0.30067464204357058
  0.30797421051253954  0.31619586427280832  0.32390225517572119  0.33050824928809147
  0.33799387859276259  0.34608103963604964  0.35402380540385420  0.36158036292291434
  0.36921117318374946  0.37668079049767089  0.38345347571006216  0.38997316667356619
  0.39714974995655411  0.40660733872762084  0.41497426135128929  0.42271699053476852
  0.43021552518450512  0.43798972372262224  0.44688671617623760  0.45631465817506789
  0.46450597577655872  0.47251688009183368  0.48071692435896224  0.48910402268702735
  0.49780290574801195  0.50578726274002273  0.51260468332267328  0.51905045614801837
  0.52529461689358248  0.53171761211106428  0.53905597296140317  0.54737318907703947
  0.55665098387336664  0.56609396336258522  0.57557403172983357  0.58417206508626796
  0.59273779115101510  0.60089454191475122  0.60806965821217684  0.61478686907890712
  0.62160917043685260  0.63053031562937112  0.64168811915001955  0.65402841442479664
  0.66642203474711992  0.67678008119288247  0.68660810239039893  0.69570109434709726
  0.70311122867152187  0.70953705177992044  0.71442577312166500  0.71962976186698813
  0.72604261515261770  0.73289905958234292  0.73869956789933622  0.74410974510945305
  0.74875749645025957  0.75277265193220155  0.75665421947343292  0.76103959798810239
  0.76608259373683663  0.77037891806345626  0.77452236994612267  0.77889239741781435
  0.78331047136666354  0.78951240699326908  0.79649468516987110  0.80366089397887841
  0.81079595696678930  0.81682552541472209  0.82176886911306024  0.82730800760825030
  0.83255439558693112  0.83809474091323777  0.84391472300343418  0.85036643332662076
  0.85652848666668846  0.86202280777457241  0.86736025714026854  0.87302889778460313
  0.88113655831112259  0.89479014416644354  0.92262244319561493  1.00000000000000000
   1.4049009600907242E-011  -1.0000000000000000     
 F F F F F F F F F F F F F F F F F F F F F F F F F F F F F F F F F F F F F F F F F F F F F F F F F F F F F F F F F F F F F F F F
  <DiscreteSampler_grid>
  grouped_processes
  1 # 1 for a reference and 2 for a running grid.
  10 # Attribute 'min_bin_probing_points' of the grid.
  1 # Attribute 'grid_mode' of the grid. 1=='default',2=='initialization'
  0.0000000000000000 # Attribute 'small_contrib_threshold' of the grid.
  0.5000000000000000 # Attribute 'damping_power' of the grid.
 # binID   n_entries weight   weight_sqr   abs_weight
    10   10   2.759511238230132E-001   1.255223395487639E-001   2.759511238230132E-001
    11   10   2.759511238230132E-001   1.255223395487639E-001   2.759511238230132E-001
  </DiscreteSampler_grid>
