 -0.01832216422993482  0.16487740890481073  0.26030823827391264  0.33604228436097794
  0.40162099216704733  0.45990213047958789  0.51228354633273421  0.55983297408758315
  0.60282203085473585  0.64267555791042907  0.67992778494889350  0.71388445701430958
  0.74511838617119475  0.77361099123094301  0.79910109364488424  0.82258447853286831
  0.84376656480468948  0.86262049140027297  0.87947071142850175  0.89424425164118582
  0.90738432162218863  0.91889019071275468  0.92876727564652484  0.93760186509792576
  0.94455046863509862  0.95089476194703260  0.95636203774440132  0.95976102674145070
  0.96198726158176506  0.96413911356712434  0.96620863440720217  0.96816825047431299
  0.97002583702023826  0.97178452555843398  0.97344857947759300  0.97502168208389073
  0.97651228946568325  0.97794031652986868  0.97928934682195945  0.98040386898089282
  0.98148199696595528  0.98250166504444469  0.98345888699300743  0.98436250698553796
  0.98522113083710705  0.98603438231985929  0.98679916249284572  0.98752564368855533
  0.98822004646502615  0.98887079826335311  0.98947362500516189  0.99004543035526804
  0.99057894136764391  0.99108072994084506  0.99155729380319668  0.99200687915075791
  0.99242204525234623  0.99281734712278191  0.99319359600203649  0.99354208082612838
  0.99386778023879374  0.99418257943296273  0.99448721267568374  0.99475428704118929
  0.99500829088221443  0.99525570871515823  0.99548433084207588  0.99570030167943868
  0.99588180542156068  0.99605938158758800  0.99623235616062966  0.99640337479515206
  0.99657271549251147  0.99671093524310095  0.99683987335068003  0.99695532594672931
  0.99706959377873428  0.99718021768734622  0.99728855841181918  0.99739256691237710
  0.99749515414212631  0.99759535541810318  0.99769097178889909  0.99777713329808881
  0.99785458421218098  0.99791313542196203  0.99797177948185156  0.99803059262671179
  0.99808830485577349  0.99814438080186418  0.99819995577125986  0.99825461907488622
  0.99830268265229249  0.99833137875384625  0.99835645630523850  1.00000000000000000
 -0.00362117108607273  0.01300057741699149  0.02460662487929962  0.03562167096922444
  0.04629965485218618  0.05781890299583615  0.06956364923110329  0.08120467091814469
  0.09335915922256530  0.10541367484400928  0.11627472611654541  0.12601725078800841
  0.13589551127720073  0.14562210401013462  0.15485450465746486  0.16372938334619727
  0.17238269562611480  0.18099980360054568  0.18928063372222381  0.19700629037766731
  0.20480578634536203  0.21432555192535607  0.22625734314950835  0.23693361391266021
  0.24792045874449165  0.25918443549001724  0.27092226834547178  0.28164166368614924
  0.29212248230573812  0.30315250613238354  0.31415216457847578  0.32516826472928517
  0.33666079455389747  0.34965691583803288  0.36287370560885807  0.37583056922044022
  0.38659281465152695  0.39655069465543408  0.40606860478987566  0.41580848361391987
  0.42534367283517482  0.43393574671862312  0.44469881733372879  0.45476125170144277
  0.46758735624309350  0.48104587302572688  0.49384098840298729  0.50600555251946089
  0.51774234243322914  0.52830126261972143  0.53878473336885258  0.54996062737416929
  0.56102053177257449  0.57162079572534019  0.58242582350323979  0.59474139840422380
  0.60891302831877558  0.62258090346054651  0.63265892143553226  0.64194602874221707
  0.65142482066536678  0.66059461883045878  0.66959456599550282  0.67846188360624493
  0.68828858187363484  0.69944842770733662  0.71040547135000232  0.72031933766240341
  0.72983874724010678  0.73918824369486202  0.74845421918619681  0.75779837348271850
  0.76691334977475223  0.77579059658611726  0.78459575855994124  0.79493325298686024
  0.80668669372395407  0.81860574127237262  0.83108742372294564  0.84422890030889730
  0.85745864820910023  0.87010723768282561  0.88038442342079837  0.88881971412777083
  0.89852459499667947  0.90739816330175826  0.91581551565968533  0.92389926694498159
  0.93206137766755248  0.94016713455121104  0.94896970944181602  0.95850204240770176
  0.96955838306399822  0.97900409842424962  0.98958186341946675  1.00000000000000000
 -0.00315489397210322  0.01077385138342781  0.02254455533297960  0.03389602714014600
  0.04462965257441781  0.05479966838563908  0.06497230433031942  0.07554181827472371
  0.08562997056546744  0.09534671598228160  0.10463098356205613  0.11335672658336091
  0.12165949393966137  0.12978717517948274  0.13813502036622621  0.14657541977937250
  0.15566727624333870  0.16557971307594463  0.17793196185524388  0.19131537736840606
  0.20365290998363716  0.21664770399857206  0.23019718198582484  0.24110570995283101
  0.25246135104816680  0.26409614384662178  0.27599039965323208  0.28829348981043457
  0.30148554217164797  0.31457894115276369  0.32661635461175831  0.33770887212949402
  0.34757296449450814  0.35655048846369969  0.36508292072298187  0.37446228054358099
  0.38401299492454954  0.39295034912706900  0.40173519387282886  0.41036250602515040
  0.42110292155957141  0.43411107180465436  0.44731457625805499  0.46040200333749171
  0.47337623162608111  0.48528359180494635  0.49614880995019295  0.50665719420626476
  0.51702864700405715  0.52768276904589650  0.53909550455501209  0.55217413053923159
  0.56578040162319054  0.57739839335686760  0.58923111260857042  0.60168642137715855
  0.61182133090766733  0.62167134266199320  0.63164263081216987  0.64200723337404708
  0.65134903057413029  0.66012631484701900  0.66984761373650215  0.68010678535676106
  0.68989999847432903  0.69949415416210725  0.70942760311675945  0.72023194862719098
  0.73135931728223025  0.74267638632077948  0.75422360143049905  0.76627956214506510
  0.77798808963630373  0.78834878767421834  0.79745559085263296  0.80585792524653377
  0.81480335810795090  0.82425005704631493  0.83339212774902804  0.84297935499549248
  0.85365113367792178  0.86676373628084447  0.88047091261601318  0.89197407919755489
  0.90144868264487432  0.91004153226405604  0.91914138546626745  0.92904776808827427
  0.93863317233980026  0.94698539168227380  0.95476702035345962  0.96308555795465034
  0.97205537303628620  0.98114062021333392  0.99013024565175567  1.00000000000000000
  0.00494992000486113  0.01739663256645805  0.02647711022305066  0.03625369866415314
  0.04465826494609054  0.05287190182012121  0.06116330900627729  0.06889627597213180
  0.07683244598044139  0.08546570254823103  0.09487599267886898  0.10479926544811083
  0.11865745621279740  0.13077014118237215  0.14314769009689918  0.15443935811470857
  0.16526515385071283  0.17566602195925604  0.18477431379450657  0.19329260307659926
  0.20146567941860927  0.21014042733774313  0.21950654807169653  0.22999262496190839
  0.24204839506159873  0.25432235725077268  0.26645331259990868  0.27828079378110598
  0.28947838959679106  0.30033011487594014  0.31209750798428498  0.32633516096593823
  0.34189882079398015  0.35662400771458669  0.37091957973769824  0.38397492660599553
  0.39632364602697251  0.40886424571814362  0.42094946347058698  0.43237771210471077
  0.44219158081802223  0.45107357186038327  0.46077955526373793  0.47172934866467542
  0.48249865647987378  0.49323082287593500  0.50521936272827506  0.51817066985168003
  0.53147387303948046  0.54478345469770462  0.55774473629434740  0.57025498743068581
  0.58331768747103152  0.59655036041587861  0.60939511047218464  0.62177727033186914
  0.63562732963845192  0.64944969252273621  0.66224058776127537  0.67497043870390472
  0.68765248541533863  0.70042211514598129  0.71391467547911203  0.72805587440331176
  0.74181997030757074  0.75419853518992841  0.76525103832906094  0.77610360673616674
  0.78734813100190482  0.79857143270548114  0.80893897484222499  0.81934130630345137
  0.83107824862308288  0.84224027574136506  0.85242552720301978  0.86290238153963328
  0.87379088115771308  0.88312758136314973  0.89226959518956461  0.90060382689167584
  0.90740375401835438  0.91463466441374086  0.92206529326175990  0.92913587728218594
  0.93637027120873129  0.94287703636357423  0.94971367303571985  0.95619051534041077
  0.96232843157455983  0.96826449083264277  0.97418364138453817  0.98066912693411823
  0.98695694090982511  0.99109061527272935  0.99314149443338207  1.00000000000000000
 -0.00260587413228829  0.01067682652639139  0.02024609911507377  0.02936699955542390
  0.03884498090604104  0.04858703607054619  0.05886077177375938  0.06917544689121305
  0.08103294506843664  0.09239688300991832  0.10401548494022426  0.11608030826917488
  0.12787352796364068  0.13860909783546949  0.14963060727980781  0.16101237371504257
  0.17148758990170884  0.18123371819628231  0.19194592673519686  0.20350323802568701
  0.21537433094175146  0.22747349669923003  0.23933722322265097  0.25033792305961794
  0.26059020154638890  0.27069887403983206  0.28157122014638458  0.29260620829631678
  0.30203298914663612  0.31091009238808959  0.32016719488548084  0.32978840710133961
  0.33962694404232985  0.34969675301819042  0.35988688618995324  0.36952797663045650
  0.37929915848352214  0.38828266355883362  0.39712343299103892  0.40578894626901701
  0.41539211507019302  0.42825195147150258  0.44241244346123537  0.45644910670731187
  0.46993728119509398  0.48279254071389954  0.49520776974467290  0.50750194752965783
  0.51929667501804755  0.52959551316927167  0.53840132203084412  0.54697549832465109
  0.55548404992322920  0.56476967108890186  0.57468071465958848  0.58764932373050127
  0.60114536606909152  0.61217296374445829  0.62164643908211725  0.63102660637254993
  0.63978798157184957  0.64873812816585918  0.65707743443796596  0.66558835625488388
  0.67491139251103738  0.68506599533302570  0.69554309433694939  0.70568604775954469
  0.71594065878551927  0.72648587632747397  0.73955240029457325  0.75319041509361262
  0.76603883582501964  0.77806550464923696  0.78958202964718704  0.80075618775038082
  0.81164627938324652  0.82219363744122653  0.83244885003796076  0.84251736779261088
  0.85194683536519888  0.86273938670940609  0.87366411016643775  0.88398942812303050
  0.89437802930998389  0.90368140946105069  0.91294138851003426  0.92224057064882792
  0.93136857169260723  0.94128857580610970  0.95017852743746689  0.95879897494385291
  0.96812176400871974  0.97848635495457903  0.98907262242428284  1.00000000000000000
 -0.00261835866808966  0.01431940996801974  0.02632104886080492  0.03806141868755045
  0.04915568154860877  0.05983770095111671  0.07005426853313483  0.08029225441257834
  0.09141156841380034  0.10274058685420828  0.11473330235911906  0.12652183554846932
  0.13756586396474596  0.14841488851771298  0.15959060867344566  0.17185198415590275
  0.18367089780610213  0.19534904941665904  0.20656007433283241  0.21684437694700251
  0.22586462352442174  0.23539106065383650  0.24523448620198071  0.25562914938749470
  0.26554160327944470  0.27513442872941174  0.28494955341697625  0.29493328210657543
  0.30545693194815438  0.31656469837826362  0.32690413156552089  0.33755387232005385
  0.34855273842395940  0.35972860985912192  0.37047321673473049  0.38406520930192223
  0.39728911571446562  0.40759291381008311  0.41747008640910355  0.42736805661328181
  0.43719513774134866  0.44683473183966205  0.45658039772046644  0.46709336939331364
  0.47796303726672934  0.48843202436463917  0.49816730995151431  0.50715615069597308
  0.51621367809707297  0.52608544826453019  0.53605386061243754  0.54568498678535726
  0.55510755996673899  0.56507043358974318  0.57513577710080210  0.58532557701411536
  0.59558373068240222  0.60711038327612299  0.61968220230908466  0.63252193040320370
  0.64674264940581949  0.66061584330407130  0.67194781152801875  0.68105957605636647
  0.68971125252716436  0.69826534580581379  0.70702954942307372  0.71622156919683988
  0.72529387703802550  0.73754065110309008  0.75288148822032885  0.76768293652631936
  0.77842615150083572  0.78750883455277543  0.79606781644814228  0.80432247053640560
  0.81268378650145723  0.82138528029233082  0.83042919626689304  0.83994779175253498
  0.85003251061361307  0.86107419927963158  0.87293984068548802  0.88567271555149751
  0.89748729598657151  0.90725697899359758  0.91689644726929609  0.92660009600010351
  0.93599633432162688  0.94518581785264866  0.95443756323145079  0.96452494936559441
  0.97496126865675692  0.98433012474517989  0.99243130231892629  1.00000000000000000
  0.02622546303791081  0.11873628428880728  0.15120728272314515  0.17286942135310232
  0.19326377082407847  0.21192379683356360  0.22937688000571663  0.24337411881605892
  0.25480811423106325  0.26596802914958206  0.27713077112613871  0.28771698729112560
  0.29688721420866998  0.30561637532645469  0.31494966123301493  0.32371308966542589
  0.33220893092040277  0.34036078851138207  0.34818547514417159  0.35622447005491853
  0.36510526550938710  0.37433098695917999  0.38352189728627556  0.39270228807857577
  0.40178150099445414  0.41097795688970767  0.42107728414219453  0.43232461232193320
  0.44365301411707009  0.45420646127840103  0.46379737511477864  0.47207512046427808
  0.48058982017313318  0.48918016930651842  0.49765375634141268  0.50502113873202492
  0.51194896332297146  0.51953463817326029  0.52535068249485506  0.53092185197218766
  0.53657445618463873  0.54251945119085476  0.54838563440283383  0.55428444208339922
  0.56008274435390648  0.56594581279891887  0.57175458259249223  0.57765920176813867
  0.58346340322157153  0.59122394027150349  0.59837109754906503  0.60631292425555183
  0.61504008248202080  0.62358615581791910  0.63120546253176535  0.63811166015725840
  0.64498494341056523  0.65184984765467557  0.65869808673420227  0.66604404313521925
  0.67274019886656244  0.67948387412579392  0.68593271234651765  0.69220489625225912
  0.69852226391378180  0.70483079734344267  0.71112864348944682  0.71739794750867980
  0.72358912260339692  0.72984724553794422  0.73665947219086647  0.74388788662610339
  0.75101618407226978  0.75849619147351777  0.76576707812552591  0.77232397601627356
  0.77785391559054273  0.78310152042622394  0.78844170096768662  0.79414156746269970
  0.80025931498389979  0.80620102387608616  0.81178472100407051  0.81686510953521108
  0.82236253219517297  0.82815949443539061  0.83436197681758506  0.84385336813130729
  0.85489677879087755  0.86682251612994821  0.88018561470438161  0.89476158925458804
  0.91047414231713331  0.93019128052387345  0.97142685406167328  1.00000000000000000
   1.5832552876886614E-012  -1.0000000000000000     
 F F F F F F F F F F F F F F F F F F F F F F F F F F F F F F F F F F F F F F F F F F F F F F F F F F F F F F F F F F F F F F F F
  <DiscreteSampler_grid>
  grouped_processes
  1 # 1 for a reference and 2 for a running grid.
  10 # Attribute 'min_bin_probing_points' of the grid.
  1 # Attribute 'grid_mode' of the grid. 1=='default',2=='initialization'
  0.0000000000000000 # Attribute 'small_contrib_threshold' of the grid.
  0.5000000000000000 # Attribute 'damping_power' of the grid.
 # binID   n_entries weight   weight_sqr   abs_weight
    10   10   1.372299338655248E-001   5.269874596427480E-002   1.372299338655248E-001
    11   10   1.372299338655248E-001   5.269874596427480E-002   1.372299338655248E-001
  </DiscreteSampler_grid>
