 -0.01785109740741659  0.16285703882836516  0.25580028173263347  0.32957067788959249
  0.39367091039053081  0.45057410657122965  0.50174274907115102  0.54885324086009213
  0.59233279246286108  0.63252511551345925  0.66904644804099500  0.70274670872635814
  0.73358933582988028  0.76229802064526619  0.78823373576784572  0.81162782704043435
  0.83279212297389393  0.85194318940441627  0.86875873816577354  0.88390237008051253
  0.89756881815266232  0.90938820023190303  0.91993482320581188  0.92907550467335065
  0.93758015512864246  0.94402584445629101  0.94991824011597104  0.95540836685604413
  0.95938126224197906  0.96155045597873212  0.96378372287924630  0.96592355718412815
  0.96795162766379317  0.96986579563226738  0.97168886906420393  0.97340006544385427
  0.97500623833469091  0.97651826199016512  0.97796058236009409  0.97929440245893140
  0.98045698573837869  0.98153294891612974  0.98256487988561170  0.98354630013644140
  0.98447636969696417  0.98535983968255791  0.98619421970019583  0.98698187718540831
  0.98772558248498543  0.98841766485720872  0.98905858610861319  0.98966854857723396
  0.99024325967673688  0.99077107515566631  0.99127704015759044  0.99175692825375805
  0.99220232417351251  0.99263459981774727  0.99301800736097434  0.99337486305940781
  0.99371937792904652  0.99403531608603468  0.99433252198983468  0.99460810134061017
  0.99487431063578691  0.99512724378532502  0.99535680852025732  0.99556054192401944
  0.99575500600563394  0.99594206700521304  0.99612841108867101  0.99631345660776260
  0.99646715553288101  0.99660019670384392  0.99672533050804035  0.99684854038775161
  0.99696586473802173  0.99708192364095638  0.99719373729246596  0.99730457749218904
  0.99741286454368494  0.99751719348994450  0.99761018674130697  0.99769797194755305
  0.99776942232620391  0.99784052197907547  0.99791032651421363  0.99797953880313128
  0.99804500808900487  0.99811047737487857  0.99817219720673256  0.99823360259372751
  0.99828392920552733  0.99832562543031644  0.99836200841378275  1.00000000000000000
 -0.00346693170703120  0.01225737983222395  0.02385835928232721  0.03348274688618399
  0.04353420121098321  0.05287710940089136  0.06213658756512630  0.07223536019373947
  0.08156796809331508  0.09227169960129650  0.10402582546600810  0.11522681890613183
  0.12591568597226677  0.13657798787369010  0.14711252266905347  0.15790939235703350
  0.16869027778188564  0.18082962612802903  0.19295763901160337  0.20517402461033510
  0.21895252876108837  0.23340891211761419  0.24741960915368316  0.26056367736924940
  0.27317152740801154  0.28479248063727902  0.29560576263476407  0.30628943433394862
  0.31787021608858268  0.33083181612277335  0.34443935354900429  0.35676657169225551
  0.36749768116496356  0.37756147343640117  0.38789508889359503  0.39799482118984641
  0.40756450373990444  0.41688203394629059  0.42630217116392649  0.43575148217900056
  0.44454502528849221  0.45379021309897200  0.46417992082315707  0.47406923078114394
  0.48468939609800132  0.49475450321850295  0.50470723761817482  0.51408686372355583
  0.52389116705567718  0.53444397443097225  0.54641410793062373  0.55720656731058227
  0.56825135297179041  0.58019844326957759  0.59157505295031254  0.60325117065664025
  0.61416943903546672  0.62539608721999662  0.63718762541574447  0.64812378382636215
  0.65907056445976209  0.66908521069614135  0.67884837822724009  0.68984988446862683
  0.69969111669068318  0.70967193744239376  0.71971870383206704  0.73067845080250426
  0.74007120139763671  0.75099702075764496  0.76154454497348167  0.77120989493041692
  0.77929929026324096  0.78675856960275570  0.79451869853715773  0.80361225946007653
  0.81252678638208820  0.82109408896274183  0.82974811817369287  0.83939617433342950
  0.84980704538210050  0.86007128850634684  0.87014076200264268  0.88019197261922744
  0.89079736558133538  0.90240712006807711  0.91344703682889750  0.92398789615585475
  0.93434315655091349  0.94427349657275761  0.95415330421526146  0.96364936667265655
  0.97300157527053099  0.98214288226001778  0.99125008166685047  1.00000000000000000
 -0.00298587252162843  0.01142129551061253  0.02282286083429197  0.03322534454548587
  0.04363178831517336  0.05369535449968364  0.06335009444661695  0.07308876588233873
  0.08379694923689174  0.09683181526990466  0.10926965176971329  0.11990791997136324
  0.12998775975134808  0.14006591183427872  0.15043833784759950  0.16035600781533313
  0.17096257199183254  0.18271243341937035  0.19490096540095675  0.20750954419848303
  0.22062600573825680  0.23317459184695527  0.24552150805209610  0.25822582788458703
  0.27000361230808800  0.27987955417214361  0.28938412252374635  0.29904028932208515
  0.30833378198754197  0.31750493659634232  0.32737142556949239  0.34062765233713871
  0.35524171659749493  0.36877953628970062  0.38099557646991666  0.39243456962588480
  0.40434163859467820  0.41607319648773822  0.42510056810185870  0.43428230957291974
  0.44372162342856003  0.45332740234764074  0.46289050545149563  0.47224836824929128
  0.48140944128571778  0.49080478974011604  0.50070876683977239  0.51138692009347408
  0.52230862635621378  0.53329828567757698  0.54356963906710432  0.55360297859982255
  0.56339146435550691  0.57290579119548146  0.58247958382983578  0.59235158627428663
  0.60206365862650990  0.61146349217118545  0.62075801660518259  0.63068036427848373
  0.64114168251868753  0.65150694664981501  0.66136720329905563  0.67206290961561810
  0.68353240493120127  0.69505752874125371  0.70653141320186197  0.71811686645273720
  0.72967043496837869  0.74028946089018033  0.75043231200279870  0.76060378203194934
  0.77101209145817007  0.78151843329104265  0.79210128557187043  0.80334977707248068
  0.81411194100134221  0.82447295663410747  0.83503698719305652  0.84556114714022534
  0.85561161316696943  0.86500804348919924  0.87420859659929184  0.88348735540212664
  0.89249065064696587  0.90165090681444360  0.91061351190919859  0.92094897567940137
  0.93197642889967380  0.94360675808850425  0.95545144873289800  0.96531203910383778
  0.97411586564089470  0.98258994243923703  0.99099386666962519  1.00000000000000000
  0.00910865802457454  0.01836184354762940  0.02910920938563735  0.03954009090443375
  0.05030052055131531  0.06131444922757004  0.07102588558380281  0.08033049293669282
  0.09085005453165729  0.10128449744151714  0.11239680197460547  0.12362142491907378
  0.13476838198103541  0.14737148153139240  0.15972927306282592  0.17107449584700907
  0.18163470209185262  0.19235902811252970  0.20359229058502809  0.21484034117335724
  0.22664554825679412  0.23906839066419472  0.25155250927381873  0.26408562912433697
  0.27714091730244245  0.29089699560765586  0.30514948432289152  0.31983216549407356
  0.33532310292979217  0.35125858097798124  0.36244224653600587  0.37237551349691711
  0.38264144797343302  0.39349121060818593  0.40406783227523813  0.41495680914957206
  0.42725457641298564  0.44047445383648393  0.45310230015898406  0.46488592626690173
  0.47571738066109909  0.48772786756478248  0.50026013177779538  0.51175339570591338
  0.52305610294910820  0.53474333820374831  0.54597681455585023  0.55666031987858922
  0.56823984312220255  0.58028957558082250  0.59129602753329868  0.60225986733928094
  0.61339011482908279  0.62457918223001541  0.63589986493131323  0.64671951158767438
  0.65570522644408913  0.66436651767407995  0.67356536800449018  0.68324612487826952
  0.69227920113601005  0.70078683083669369  0.71041011037278989  0.72194425488575475
  0.73282743018830765  0.74324478584172027  0.75371315834726738  0.76630260103061754
  0.77868974942692637  0.79066658489505626  0.80249508948103743  0.81363462297339240
  0.82468552513581828  0.83550368049643831  0.84406682636264430  0.85255997564004293
  0.86067345445733712  0.86824669008486133  0.87605319131811210  0.88363734961032081
  0.89188248155774297  0.90033230100090000  0.90836081911392774  0.91590310083191440
  0.92288792016908006  0.92995679069024950  0.93700855167711139  0.94432754209171765
  0.95155104464529250  0.95821857665498478  0.96496522542492702  0.97152383213006077
  0.97866911441828874  0.98721962133663022  0.99184744843041428  1.00000000000000000
 -0.00211482641207720  0.00875254866578352  0.01786394181020991  0.02726508121280895
  0.03661662459227658  0.04755442672918194  0.05913074726172857  0.07236548540422398
  0.08376339749088042  0.09320669720660169  0.10277570895119939  0.11174502039652057
  0.12085063378818817  0.12982673107608569  0.13923426681758916  0.14924986148673886
  0.16101405602749830  0.17304453424063576  0.18440550062022498  0.19495168461067225
  0.20470769802997058  0.21543677431637351  0.22685212177942285  0.23831994904205769
  0.24912056495119053  0.26030650450853660  0.27193036201373327  0.28332125257564017
  0.29321964589758664  0.30183733472391661  0.31054814487147098  0.31939452349939457
  0.32762213676510371  0.33541120633292543  0.34330233059031345  0.35194846645203592
  0.36196009856248768  0.37296261753016369  0.38452508764425292  0.39564205880304826
  0.40544077636371378  0.41535134407836571  0.42579183581240332  0.43584081523925228
  0.44547900655132960  0.45478435746153223  0.46487390574008453  0.47450044767842231
  0.48511367212026923  0.49638276046327484  0.50786528692982591  0.52002532798808188
  0.53213970269548716  0.54376411188476925  0.55505509746450854  0.56616518306058461
  0.57763451743829630  0.58968116437368190  0.60179937158085306  0.61291296074058765
  0.62334202849103715  0.63397472863537274  0.64490130353576913  0.65569037189899770
  0.66575639973837819  0.67665809112043329  0.68839076535008692  0.70111731640314467
  0.71442820706331867  0.72704457694131075  0.73884516028263814  0.75076824259964148
  0.76368521159035485  0.77454982350240964  0.78354922853063769  0.79220092512701146
  0.80096475134349454  0.80991768938616127  0.81819955410122414  0.82618688031942800
  0.83405612020068542  0.84261592609026048  0.85148955601991261  0.86069008073560749
  0.87013649943856985  0.88023854803310597  0.89113638890655567  0.90285807890480163
  0.91483860384080840  0.92641503758782173  0.93784665735925665  0.94979889766422509
  0.96238062432412075  0.97519000177765980  0.98781247542177986  1.00000000000000000
 -0.00248514094020920  0.01524669059301223  0.02917595362765632  0.04196518426751712
  0.05275831128345052  0.06283582160754500  0.07313010800371121  0.08397211641497039
  0.09492267227268487  0.10611918609579950  0.11818315819227035  0.12910561773319890
  0.13744318444384598  0.14650622660751722  0.15554981087814204  0.16413517604535632
  0.17247860835452009  0.18043404571350902  0.18956200487434322  0.20099360120432228
  0.21301592681386886  0.22487269008515565  0.23644659968070394  0.24774243653528746
  0.25928152913356972  0.27072332274657457  0.28165929244986382  0.29231243211413344
  0.30264963563362479  0.31372069499327165  0.32611176092718230  0.33872752378617749
  0.35142122652708585  0.36413288667599097  0.37673184483838557  0.38879967278775085
  0.40103020477280832  0.41395383554848231  0.42652225035351560  0.43795862295724125
  0.44806403794237087  0.45806350649194438  0.46819316255335514  0.47815043585433747
  0.48810160646703149  0.49776030604135391  0.50767884769620808  0.51754957168720528
  0.52728022531815189  0.53704029019574084  0.54694852303744212  0.55674566538257109
  0.56709219237023845  0.57861674378716077  0.59025899627301570  0.60173473013946210
  0.61375646805581641  0.62576660340730916  0.63827635328360899  0.64867824421979570
  0.65764040215504915  0.66688772672489816  0.67707578703685956  0.68702001088752507
  0.69646259178238312  0.70579289763023800  0.71570165841425870  0.72657997956187137
  0.73680946601018926  0.74801082834746824  0.75999856377223118  0.77231150341392196
  0.78240864534487797  0.79279998570356147  0.80185902095218919  0.81192045720866624
  0.82137181609730348  0.83166630273899500  0.84305498971330084  0.85479679019885446
  0.86336593797788175  0.87160566640643422  0.87984631623873155  0.88767693196286779
  0.89542899307864754  0.90349648400364602  0.91183973344123948  0.92205838363292403
  0.93382005495795073  0.94510604129022058  0.95510762486872991  0.96449950455133215
  0.97394209149809496  0.98317270891818864  0.99163255718634891  1.00000000000000000
  0.03277491145172299  0.11749693085463031  0.15296488850704096  0.18069651971158784
  0.20019795238405724  0.21766622882008158  0.23542308304626841  0.25475251522758147
  0.27426792156707169  0.29232555317733189  0.30745602360369328  0.32228438789380126
  0.33631754736518343  0.34929346872973688  0.36306832217721108  0.37642826401786328
  0.38836290757238917  0.40002516489234202  0.41153045692399021  0.42247568834494048
  0.43263970698227389  0.44223464593495315  0.45168079582440318  0.46115677407915190
  0.47023494440146996  0.47907235846771190  0.48766088873121072  0.49596464103626781
  0.50458599247728342  0.51355706329014128  0.52241505613720185  0.53209487625853036
  0.54188857694283310  0.55257123695450339  0.56341839675321215  0.57433412858125066
  0.58445847958341135  0.59399529109773785  0.60307208576621885  0.61162676641997404
  0.61987082753463374  0.62762811433901766  0.63414644817901378  0.64067179325922863
  0.64720564297621819  0.65368067399310403  0.66023161101856298  0.66669161978666203
  0.67295671278603331  0.67903123325687820  0.68481780176251894  0.69073312332335079
  0.69692166908693154  0.70324805978710236  0.70942193279067889  0.71544028103707991
  0.72152961626190359  0.72759587455469998  0.73352765352055682  0.73936270088685874
  0.74490873674617319  0.75049448704769339  0.75637889806224745  0.76226851068678547
  0.76806276736246826  0.77362755346745327  0.77886125584878652  0.78404232191856760
  0.78962593985257989  0.79451853305944142  0.79958982108883891  0.80444416567950605
  0.80909634272080400  0.81354586222283021  0.81798341543713682  0.82260007084361209
  0.82729402992118084  0.83221582793456594  0.83681095735926148  0.84091703081745406
  0.84498885807642254  0.84843518724765243  0.85179633498201124  0.85581267379812642
  0.86045448462807506  0.86541797671601839  0.87319186226561485  0.88070628234725867
  0.88853964062749502  0.89691626265620061  0.90617784142298852  0.91980230524905726
  0.93845903489222393  0.95333371603939232  0.95885936834035956  1.00000000000000000
   1.5148399661561167E-012  -1.0000000000000000     
 F F F F F F F F F F F F F F F F F F F F F F F F F F F F F F F F F F F F F F F F F F F F F F F F F F F F F F F F F F F F F F F F
  <DiscreteSampler_grid>
  grouped_processes
  1 # 1 for a reference and 2 for a running grid.
  10 # Attribute 'min_bin_probing_points' of the grid.
  1 # Attribute 'grid_mode' of the grid. 1=='default',2=='initialization'
  0.0000000000000000 # Attribute 'small_contrib_threshold' of the grid.
  0.5000000000000000 # Attribute 'damping_power' of the grid.
 # binID   n_entries weight   weight_sqr   abs_weight
    10   10   2.532668134396381E-001   1.062536834385690E-001   2.532668134396381E-001
    11   10   2.532668134396381E-001   1.062536834385690E-001   2.532668134396381E-001
  </DiscreteSampler_grid>
