 -0.01828818672829730  0.16369701057418212  0.25702640254068665  0.33120999131562207
  0.39442493127209488  0.45165307024014456  0.50345052003208557  0.55039349400390880
  0.59356678185689637  0.63351937505010436  0.67077353750643320  0.70490003176032723
  0.73614888984849502  0.76502493462033294  0.79082157965443334  0.81426073025339984
  0.83538275536074957  0.85462612176957442  0.87180019886246329  0.88715183803910092
  0.90054959291489278  0.91228388327635257  0.92242834101506543  0.93144243596725773
  0.93926682424026808  0.94560047884679632  0.95127911917543195  0.95672222876981539
  0.95976386436206773  0.96198762701550689  0.96416600975072653  0.96624106056716430
  0.96821144713088902  0.97009291835644151  0.97189550465813179  0.97360735932428000
  0.97519111748573795  0.97668005310129136  0.97811044626500976  0.97942638186655240
  0.98054721995491467  0.98160958545232058  0.98262687271557514  0.98360289637123810
  0.98452535791446960  0.98538530893360998  0.98619122875996534  0.98695736943603107
  0.98768634727530669  0.98837193833620984  0.98901567767519871  0.98962588044986544
  0.99018510224960077  0.99071420352980721  0.99121977846055465  0.99170218817404499
  0.99214619332053811  0.99256360919909548  0.99295699466970599  0.99332709274979658
  0.99366809101833609  0.99399820231457603  0.99430831472562098  0.99457458413723243
  0.99483476296710893  0.99508925305585250  0.99532699859485751  0.99553867000693064
  0.99573220368498228  0.99591989107024226  0.99610473835092328  0.99628412258047028
  0.99644537650286469  0.99659498575870864  0.99672297886341954  0.99684697950303858
  0.99696776234166296  0.99708637784447185  0.99719916990332258  0.99730998465830722
  0.99741669269461475  0.99752109120830423  0.99761917530971311  0.99771138035771845
  0.99777994300598671  0.99784849184203472  0.99791695416067316  0.99798513391332877
  0.99804973449268908  0.99811433507204939  0.99817533872246844  0.99823587616851217
  0.99828548684141416  0.99832617552974667  0.99836169033662192  1.00000000000000000
 -0.00240125032497708  0.00978867446122102  0.01854444672073271  0.02779430849678750
  0.03710034975925718  0.04722421856671694  0.05687359755979095  0.06636156203217407
  0.07520532593990811  0.08503946206638814  0.09497600972365475  0.10517593480640132
  0.11577674698949519  0.12682070604668721  0.13809146829462307  0.14829773548749295
  0.15703348052007041  0.16556906747919545  0.17417617158366877  0.18277000922321815
  0.19141589383379995  0.20040107431527504  0.21112615131552623  0.22439233844876286
  0.23715175384382808  0.24878047874483425  0.25994838383603236  0.27095840969551888
  0.28120833443827914  0.29172839937837147  0.30267843481877488  0.31532926829668617
  0.32906516157799592  0.34190315773562890  0.35349983944056407  0.36457916161742920
  0.37562234253922450  0.38670690226804311  0.39732345697324156  0.40705681260600185
  0.41636550070872252  0.42599032997294956  0.43643702840415777  0.44753330301896926
  0.45826446132756604  0.46884173976305132  0.47948736522346447  0.49029078056850306
  0.50144595150152138  0.51193239306662242  0.52248827752583682  0.53314974586053199
  0.54416357561267170  0.55564622597679159  0.56707202717730165  0.57863004297560316
  0.59067790792843666  0.60268238634270765  0.61369436606057104  0.62476738479637062
  0.63660965725918883  0.64804742279683536  0.65863237452656009  0.66927607169320469
  0.68033172674314968  0.69123053213238284  0.70149296442291897  0.71081816357890226
  0.71947233305192826  0.72798355467322573  0.73649184983661820  0.74534118121586113
  0.75403640417961237  0.76235299111654042  0.77109380336036293  0.78155896009667813
  0.79298812517391515  0.80415482959947626  0.81438388376629567  0.82457216668803335
  0.83486406756764320  0.84544931481880092  0.85622485888925814  0.86674924079054438
  0.87777715769655662  0.89047346003231598  0.90375945096310373  0.91683545517009213
  0.92815383696232145  0.93850598852402201  0.94852343693513741  0.95842759571278247
  0.96825968951516284  0.97760553727608324  0.98816348022399447  1.00000000000000000
 -0.00269783160367223  0.01032262087156446  0.02128441210340192  0.03246599275007565
  0.04374559885929633  0.05488042842339497  0.06537169280522867  0.07520010421293791
  0.08496479118504535  0.09508170377197563  0.10527555654670484  0.11557345295379835
  0.12573962228263849  0.13552212767193911  0.14558661600916595  0.15426386725513738
  0.16333086595770099  0.17264247842964126  0.18199045441335751  0.19146758891851842
  0.20088941535071986  0.21125143339119770  0.22366751268837071  0.23581022334508345
  0.24735930527400571  0.25928602156207553  0.27078498925206607  0.28124542805018310
  0.29084426027872978  0.29993540402315122  0.30944306327760251  0.32024148924211954
  0.33153651444024196  0.34132344702346951  0.35045448292934878  0.36014095229416598
  0.36971534503497266  0.37844369032441355  0.38675086414362092  0.39596726820881334
  0.40588617008936612  0.41565808404824894  0.42500906278020034  0.43512039205863962
  0.44733099246908287  0.46115609882385117  0.47544356730104614  0.48918460264549873
  0.50179847011872536  0.51348806872267461  0.52465178545406854  0.53621578321352681
  0.54746676133643968  0.55974409441031359  0.57089462083966913  0.58208826244394618
  0.59217452193405762  0.60190564991308404  0.61126155122520909  0.62069053635152460
  0.63160941534348802  0.64327931325102550  0.65425527538963568  0.66512152864421914
  0.67703778365191880  0.68806548504613896  0.69713637665796413  0.70567167777149664
  0.71489688747297964  0.72489354350701951  0.73544615444028971  0.74533327504989588
  0.75511598139256420  0.76455204299882773  0.77433730161124614  0.78463319577980972
  0.79548402550862818  0.80652906360769283  0.81729216427040940  0.82807563933034412
  0.83890689204173530  0.84945095345519939  0.86001947477691065  0.87086099135823702
  0.88164774082965036  0.89317331572386338  0.90471081238371143  0.91717354037347498
  0.92864051945349135  0.94027000182468223  0.95114841952243534  0.96175649426738297
  0.97125014464560766  0.98115138685917502  0.99059752571876958  1.00000000000000000
  0.00578743743690401  0.01536278304622642  0.02428744482347020  0.03332381832228409
  0.04180428571582220  0.05010516473340775  0.05896009036659015  0.06874836688600272
  0.08109867894309050  0.09381919411766093  0.10669999909336496  0.11759466759163267
  0.12823615663356877  0.13852894253090672  0.14843619774927538  0.15755165935470333
  0.16676735430831530  0.17655146067744651  0.18676024548420742  0.19756640841618239
  0.20723502920115328  0.21827364660063539  0.22907926794149602  0.24042477000199633
  0.25184963881412931  0.26591881046205923  0.28013955347803782  0.29630458637265600
  0.31204890281490394  0.32582560201436972  0.33726616975640594  0.34765510679271727
  0.35812916894173347  0.36827251100151775  0.37798787385023364  0.38798488488794314
  0.39799855170992521  0.40807537466155996  0.41951561435035717  0.43316163407464364
  0.44822740137091477  0.46312193348723307  0.47772703405661587  0.49231770046379847
  0.50724920791610806  0.52214458399808372  0.53632592168365489  0.54984542719277274
  0.56246027430338041  0.57413375561234925  0.58611250366823453  0.59835243523587234
  0.61031836464827416  0.62157362334871769  0.63416615615147043  0.64574720177088651
  0.65556385607087031  0.66572312614272344  0.67706780392351595  0.68888086873485643
  0.70003819661641287  0.71175228463197748  0.72485613396627191  0.73654134655980985
  0.74662006878800224  0.75668589249326190  0.76657334402543886  0.77622340007342883
  0.78600191312819567  0.79583309358430121  0.80604843069561638  0.81605524656252615
  0.82575324076925916  0.83534668159411962  0.84428702282137857  0.85227879908571946
  0.85980107153882968  0.86689261183411126  0.87361797832997545  0.88007459130264909
  0.88685078151140395  0.89414439502283127  0.90242224351695433  0.91038491547837974
  0.91767485332045340  0.92507276806088623  0.93206106126260502  0.93983595038445444
  0.94785901665110739  0.95589206242743852  0.96392444998551863  0.97178826441478361
  0.97916432395032527  0.98603860264343668  0.99309930039855443  1.00000000000000000
 -0.00248130514368986  0.00919300295638341  0.01878583638535886  0.02756120560948874
  0.03622344706701012  0.04549063628563805  0.05471906518063314  0.06434449341116459
  0.07434898485102856  0.08440342128619877  0.09498297035611054  0.10558827282449568
  0.11629008137854306  0.12695382932925262  0.13733812931794290  0.14810634144855081
  0.15958132542826517  0.17052214414402750  0.18027432314935798  0.19109384666433882
  0.20402002677145725  0.21679799324866911  0.22877013171708274  0.23950602605817164
  0.25025803531027935  0.26130657618170816  0.27190734487498025  0.28281062828665215
  0.29404670793867543  0.30597163164179919  0.31813868679337504  0.33101359327030333
  0.34313516552726547  0.35425131750032202  0.36413293071514646  0.37405974526932873
  0.38511602331338307  0.39630126094337648  0.40716503414304739  0.41861636788943651
  0.43092358255539548  0.44387568814871742  0.45604034864702919  0.46595362344985525
  0.47486027462404379  0.48447281279511795  0.49433640185146865  0.50353550106723977
  0.51222443146681951  0.52098744621269844  0.52972210466129266  0.53844577848606723
  0.54725018079262555  0.55634130996542175  0.56519145686891559  0.57461959332759693
  0.58396250019077967  0.59309085300109954  0.60253029373745781  0.61137859475221978
  0.62019723598136423  0.62926129146918952  0.63853440992584165  0.64757073312763880
  0.65753979415027930  0.66785242873042916  0.67970681129032173  0.69191010287916022
  0.70386867460998070  0.71495556890631651  0.72550130150857162  0.73576087558488379
  0.74605995221791332  0.75664326764106538  0.76716562268836641  0.77796771346975502
  0.78983585439021753  0.80318645286514667  0.81645450797853725  0.82744686374617027
  0.83732388833835447  0.84693208284362564  0.85662695351495777  0.86701744232861255
  0.87808314562725365  0.89264735287698349  0.90376030775610428  0.91485090585287898
  0.92603932832837010  0.93699198051981647  0.94735725096545531  0.95793852478488506
  0.96874267457618501  0.98013360269776761  0.99015794661913892  1.00000000000000000
 -0.00221942214079258  0.01334307401243538  0.02579391737401808  0.03596204662428128
  0.04580678519888211  0.05527668069516418  0.06485186695173813  0.07444291307061102
  0.08434487056090668  0.09465779403674698  0.10541123770023923  0.11617072627646143
  0.12748333572967158  0.13864075984661392  0.14964233269526070  0.16047670827247623
  0.17122471663767319  0.18233115915372067  0.19280983697752249  0.20276492055256731
  0.21274562500633348  0.22321801796183288  0.23498339769788043  0.24749733507564622
  0.25936521648304078  0.27022393109222476  0.28094891529377075  0.29158428983196433
  0.30187500263962791  0.31224795644978354  0.32246568130880898  0.33277862916894879
  0.34330686506746444  0.35386616079563210  0.36443174253133415  0.37495874596201317
  0.38560719980288566  0.39701740003849567  0.40923379736953491  0.42110237982704440
  0.43172570503173946  0.44168501408949301  0.45145391003132185  0.46063602726230785
  0.46945148574334133  0.47838188144683302  0.48822254942793808  0.49886791651144291
  0.51025084060736148  0.52227735497042438  0.53362887010083104  0.54461343715507149
  0.55541511838331781  0.56632065196676462  0.57743547660157302  0.58895947681297756
  0.60070102345126430  0.61267007409327745  0.62469843771645184  0.63623194085934875
  0.64782560700298353  0.65977787498276730  0.67100730863683911  0.68150349382705599
  0.69245494749743142  0.70511734471031029  0.71664153089940907  0.72755091328738697
  0.73880475848082494  0.75016735474742957  0.76018007839447743  0.76954747187382400
  0.78007038733384637  0.79129384770149847  0.80337016342165690  0.81525862938784310
  0.82530821142955912  0.83477839325270875  0.84389142139318296  0.85363937053187289
  0.86336760162675585  0.87306797678008929  0.88238296765300528  0.89189071675533316
  0.90096424682216270  0.91009263048606459  0.91876379692646470  0.92760307677340392
  0.93674423966725306  0.94633602572432052  0.95573186120978082  0.96552112516565891
  0.97572733309178494  0.98510261998369519  0.99288703183647165  1.00000000000000000
  0.03775493110619622  0.12892204008705999  0.17864062827593052  0.20837880944713782
  0.23280239623504023  0.25375449824611385  0.27384810276984167  0.29151409051543015
  0.30630045149651436  0.32022140897112022  0.33369765338544816  0.34551925741951450
  0.35705940998852032  0.36968956310951340  0.38227060384008021  0.39463436952273423
  0.40636351969349632  0.41724459068263997  0.42696170055839183  0.43659777774402581
  0.44609529029452444  0.45486413240037532  0.46359285555002860  0.47261681541389750
  0.48237140840856302  0.49352898273974311  0.50328585490236299  0.51154196535755059
  0.51936265717394559  0.52739955882651390  0.53575838602770687  0.54391148235556619
  0.55161147400228105  0.55907037078061872  0.56698074908890617  0.57544561624887369
  0.58354128047650144  0.59108675329201399  0.59852500089919491  0.60567154018029223
  0.61265310951637619  0.61949566062266970  0.62605335207973201  0.63221326691274626
  0.63809269825309189  0.64370587171011961  0.64957169028231743  0.65579783081742615
  0.66224961587453057  0.66955012837430150  0.67738546976112746  0.68538882448016569
  0.69283575709363243  0.69961584689134804  0.70607141781616622  0.71214154346450409
  0.71797805571025020  0.72361592922841778  0.72949963318354505  0.73517007527071176
  0.74149911049675765  0.74697447360543012  0.75262515702393584  0.75756337157937648
  0.76246536318870217  0.76725697202406351  0.77190697863555013  0.77635351243886164
  0.78067018732575599  0.78492549377886278  0.78926034521123878  0.79322830215242768
  0.79742398834417194  0.80161821818261358  0.80565492461356902  0.80966792529025911
  0.81363495160596733  0.81781865466416881  0.82247792192486624  0.82717042159281384
  0.83241734466653805  0.83827553176350578  0.84379984345897463  0.84929691357315495
  0.85510406729360700  0.86148207163008528  0.86862444769609093  0.87696232052621848
  0.88590262964577859  0.89547839834697807  0.90680593605776316  0.91859266694394892
  0.93357312100791068  0.95253204771091515  0.97033265763190868  1.00000000000000000
   1.4773952022467690E-012  -1.0000000000000000     
 F F F F F F F F F F F F F F F F F F F F F F F F F F F F F F F F F F F F F F F F F F F F F F F F F F F F F F F F F F F F F F F F
  <DiscreteSampler_grid>
  grouped_processes
  1 # 1 for a reference and 2 for a running grid.
  10 # Attribute 'min_bin_probing_points' of the grid.
  1 # Attribute 'grid_mode' of the grid. 1=='default',2=='initialization'
  0.0000000000000000 # Attribute 'small_contrib_threshold' of the grid.
  0.5000000000000000 # Attribute 'damping_power' of the grid.
 # binID   n_entries weight   weight_sqr   abs_weight
    10   10   2.733089263668996E-001   9.857329594400127E-002   2.733089263668996E-001
    11   10   2.733089263668996E-001   9.857329594400127E-002   2.733089263668996E-001
  </DiscreteSampler_grid>
