 -0.01826760450470397  0.16446076737476661  0.25763188049689378  0.33229097663744517
  0.39661588600406428  0.45411801959623627  0.50559140344132025  0.55296406451960789
  0.59602227205859393  0.63517977887657251  0.67167144124274236  0.70503168336377153
  0.73588507160394956  0.76445241213928250  0.79046849375373407  0.81427868637513379
  0.83538796740422838  0.85442928942621321  0.87153552849695215  0.88690095060228724
  0.90045067401956713  0.91243201601586166  0.92255385188742234  0.93153341539599155
  0.93937971179439250  0.94587003581194018  0.95166624211022077  0.95771186880977965
  0.96003131471773695  0.96221789025436255  0.96435200840508473  0.96641758750305418
  0.96837535107666950  0.97023049127562555  0.97200105999230024  0.97369754911553918
  0.97530939595229160  0.97682496542132990  0.97827396668571842  0.97958139628931939
  0.98066766887692436  0.98171915243111219  0.98272855129647252  0.98369103002623115
  0.98460579582355734  0.98546790943604223  0.98627497252047491  0.98703463773433076
  0.98775390028313570  0.98843301707616427  0.98906928679177397  0.98967127504762076
  0.99023642330330952  0.99077125201556648  0.99128128290396933  0.99176774283941338
  0.99220731741554669  0.99262715047436956  0.99301672604562474  0.99337385816750012
  0.99370081291057999  0.99401794430360912  0.99432302159371522  0.99459142689998137
  0.99485520839913111  0.99511447606400638  0.99534864694841074  0.99556146934113643
  0.99575049507674851  0.99593372325832952  0.99611488247919078  0.99629072028476728
  0.99645367527994577  0.99659849893913743  0.99672825053228631  0.99684964632076745
  0.99696817294007045  0.99708615442942894  0.99719692632707158  0.99730756285367628
  0.99741455798640466  0.99752155311913304  0.99761809723065276  0.99771422435989887
  0.99778512946398967  0.99785392035434428  0.99792217581391485  0.99799039028881054
  0.99805512375190431  0.99811954746567166  0.99818032509133925  0.99824012983756338
  0.99828923569903294  0.99832747153265666  0.99836085654549822  1.00000000000000000
 -0.00297922967628804  0.01050999247829823  0.02294413350960153  0.03579416547068449
  0.04854791886662076  0.06102995775672382  0.07490795868856157  0.08993400349913806
  0.10455276116231040  0.11777519251369428  0.12918423901994355  0.13939068665705770
  0.14965804874982352  0.16032414246139381  0.17112504053400424  0.18119389267030819
  0.19062856899349309  0.19963920114463760  0.20882349097507627  0.21816983255684297
  0.22749829925081405  0.23692081451132679  0.24676225201559834  0.25804701532313279
  0.26918578663294396  0.27882968087814730  0.28792301105973772  0.29739081356808555
  0.30708608445370922  0.31683420321759731  0.32602831510198582  0.33587250457483114
  0.34661161937995444  0.35747351490978302  0.36811005597126928  0.37826612816186705
  0.38820703752040076  0.39812864504859358  0.40866943252667443  0.41948907877922514
  0.43058586175152630  0.44208110011275054  0.45375398844560916  0.46292063861115201
  0.47080256711958907  0.47920193410362089  0.48868331266654191  0.49883075388525483
  0.50875909211083559  0.51722181388943078  0.52694643164104260  0.53732044376874688
  0.54786812301976007  0.55918515312911987  0.56844445733662408  0.57752217614315338
  0.58638954569870838  0.59485464143503508  0.60326583329580241  0.61159000636629646
  0.62021364684538050  0.63007422929587942  0.64096575679804113  0.65144287667746503
  0.66194830408572147  0.67369895934476987  0.68778086888918488  0.70354899917308322
  0.71880321166141403  0.73285664724038202  0.74607457637543950  0.75798970799240062
  0.76862935746102268  0.77924914730514394  0.79032971368081639  0.80050128732302073
  0.80956300497451339  0.81897668403583435  0.82805099691049544  0.83763676811254384
  0.84771487295884640  0.85867264076010663  0.86999059953106739  0.88051221091605258
  0.89065908253937032  0.90111245493134073  0.91155460867806504  0.92092202920864552
  0.92935700040267488  0.93803102942531902  0.94715219399110262  0.95659168352432922
  0.96606783003812513  0.97638459261121557  0.98789196966584547  1.00000000000000000
 -0.00271838834520787  0.00896268075415924  0.02009518443416882  0.03156885652908296
  0.04398366398136948  0.05622894036541684  0.06768985607312797  0.07829694176469001
  0.08810017127047529  0.09743463764684727  0.10642007721221650  0.11576705435624034
  0.12554304041715858  0.13479044175550148  0.14392295137223271  0.15334517106464227
  0.16397927380134417  0.17451593843092822  0.18497605184506646  0.19414742714964461
  0.20310565494989047  0.21132276241471171  0.21899792851091432  0.22682859710493763
  0.23582403939794105  0.24546575907440071  0.25554017874417650  0.26619422169913043
  0.27648016034011197  0.28673946631146835  0.29756977373971710  0.30905449046911965
  0.32044762816058170  0.33148775204191394  0.34270248665046615  0.35428540225424132
  0.36574161770376229  0.37730998228851992  0.38934237347762979  0.40104471675171405
  0.41279937550620310  0.42552715059951507  0.43884546298597699  0.45120008759607927
  0.46269908040281721  0.47353177424040327  0.48417982180102714  0.49488716179152775
  0.50623014994167437  0.51868687086560339  0.53246776586897260  0.54775837365873559
  0.56184185487295180  0.57379427444562991  0.58486662064903916  0.59429471390009814
  0.60394621120063174  0.61400249809200480  0.62358177492056099  0.63320727915669239
  0.64284007505708773  0.65260091390403085  0.66404547720674667  0.67376099632646458
  0.68270321075934026  0.69122665990239851  0.69986498343388137  0.70934344771030489
  0.71990490769790905  0.73155014814666253  0.74310994301435407  0.75445438767771111
  0.76561631561755861  0.77548227482245202  0.78447534204288949  0.79321996783224402
  0.80180374591266956  0.80981234889963416  0.81818250073798748  0.82661292848108769
  0.83563349045309543  0.84776610542164843  0.85911554079948216  0.86949504524906562
  0.88069904965672585  0.89223469600868555  0.90451859718440730  0.91764929394055372
  0.93109913430657409  0.94307766976645768  0.95349870112936652  0.96280015525002993
  0.97165684978480726  0.98070196686231981  0.99027076433022565  1.00000000000000000
  0.00719393670541951  0.01728689790832655  0.02825235964916342  0.03948998977822487
  0.05038068927902870  0.06124065502108132  0.07171456581329123  0.08249327847410780
  0.09347002274986982  0.10405534141158888  0.11431201358785120  0.12474172978972968
  0.13619083561190420  0.14684792895385154  0.15554021041638505  0.16406418026119582
  0.17348431124894226  0.18284703827166010  0.19206745391246735  0.20103305535634208
  0.21086615313704490  0.22269219500280146  0.23395956653176989  0.24517371778167107
  0.25670307207087550  0.26920355955233954  0.28141357415051649  0.29330219323057999
  0.30551206335107051  0.31913372220913122  0.33339397578074198  0.34592767346686915
  0.35819504585112699  0.37027894972013575  0.38128992342942469  0.39169289439805327
  0.40369650437827242  0.41773581643248031  0.43150365836363852  0.44443337019323281
  0.45581716061621191  0.46617756082819772  0.47612356163387304  0.48753830254688185
  0.49955395695247867  0.50989962730561544  0.51952429718067972  0.53023592648258400
  0.54202768762407372  0.55355190042405755  0.56460910274490639  0.57479472082142280
  0.58489947320661662  0.59511983920628697  0.60465579076853027  0.61504094681419541
  0.62575706882233073  0.63920571143158911  0.65203490202607517  0.66358721258509945
  0.67516220967721141  0.68597836020093195  0.69547047422821484  0.70421434779191483
  0.71305608899630801  0.72132386455092412  0.72978520207677311  0.73776488599672463
  0.74551445403938976  0.75341689591098937  0.76192978908724873  0.77049379924475747
  0.77910628513664126  0.78760824314433819  0.79709496968598048  0.80974892593803716
  0.82044525856815353  0.83067257295330410  0.84006853330656117  0.84902591616136136
  0.85793907758786114  0.86681527309490303  0.87571224679103554  0.88488631794837846
  0.89446818515721538  0.90376831096803800  0.91268304918819543  0.92276167899247863
  0.93317226191672598  0.94308367990911290  0.95236193606922537  0.96118693182316539
  0.96972983487405806  0.97824293293721298  0.98857152315433905  1.00000000000000000
 -0.00242627335583637  0.00910016166758688  0.01948500279263244  0.03167187147928988
  0.04362113290952775  0.05437497412123469  0.06503372116118110  0.07593264568213104
  0.08680634283673568  0.09711806764272948  0.10704766876547282  0.11733171062588818
  0.12814066568607435  0.13866456046770426  0.14884159153004767  0.15855569520758933
  0.16914523191223718  0.18008787731757561  0.19100530498683183  0.20196166496056422
  0.21286693657522415  0.22354082395929364  0.23477337486725569  0.24572236270428569
  0.25511949527751870  0.26418998511969183  0.27393239862853824  0.28387140583493214
  0.29331756976402523  0.30179303697064153  0.31004347580057695  0.31885526507285039
  0.32903450662388833  0.34045813171997863  0.35221843728830637  0.36346135650924832
  0.37436036658314759  0.38571040622529229  0.39755105533572638  0.40993220697143284
  0.42273667588515623  0.43601475835912823  0.44862480663058152  0.46020465290633206
  0.47131750672139716  0.48212071387534322  0.49288028158276098  0.50413234174436106
  0.51622656350405283  0.52834662482910943  0.54077064047526868  0.55364215194223698
  0.56581130945612856  0.57886673694010393  0.58953939822601997  0.59899357927314933
  0.60912865681397432  0.61940578473217578  0.62942427110008481  0.63919243597880560
  0.64920118978628882  0.65937354436217233  0.66903232601074947  0.67837051487734046
  0.68749231889142393  0.69717504012943832  0.70687916705990173  0.71755459463994087
  0.72892439244535190  0.74127785665444990  0.75428545737360075  0.76694791770708315
  0.77901180544035509  0.79019204939727539  0.79922737259328269  0.80718574865632453
  0.81525749622033206  0.82385376073927297  0.83289347768992628  0.84192527274887574
  0.85167222116507213  0.86326712409011985  0.87585114645742512  0.88799508681616546
  0.89823750353538867  0.90672953847430549  0.91595200481869776  0.92502334815802323
  0.93402141863086885  0.94289963356914896  0.95150502399224945  0.96044341360310492
  0.97044296087236059  0.98054459160214003  0.99047510346672862  1.00000000000000000
 -0.00362375821241276  0.01680116508331187  0.03195338678613183  0.04555397566945346
  0.05612816028994595  0.06621810600418594  0.07603796583361780  0.08578636188851513
  0.09407146564276722  0.10240841291812083  0.11120975997799723  0.12054363632075558
  0.12980399830458733  0.13925317276160218  0.14880673535466099  0.15883160662873749
  0.16901198213730748  0.17961440848097071  0.19090206302313792  0.20289805866404736
  0.21586132440394315  0.22859732507301309  0.24053915486886004  0.25204268689133091
  0.26353848847897121  0.27516425164773711  0.28670995493797341  0.29749310571335491
  0.30829131651528852  0.31743539059574255  0.32646921571072390  0.33727569459259288
  0.34739820769759400  0.35693305104195100  0.36620989804456516  0.37596040192875374
  0.38874265812527825  0.40265836777416925  0.41675741607719408  0.43056591443058612
  0.44262810015319104  0.45343043544979883  0.46374879391896545  0.47389090422943753
  0.48403021375948807  0.49412930806047628  0.50588348484403700  0.51824564391587158
  0.53061487610112079  0.54211025452714701  0.55275824336911272  0.56311702657436669
  0.57283120059971604  0.58189599926331637  0.59095936673032290  0.59958853800658218
  0.61320862780720753  0.62691291860463838  0.63851036461108346  0.64927081047197654
  0.66048102594428237  0.67145420229070762  0.68184360358574847  0.69251059100750378
  0.70335122528216443  0.71381094100389630  0.72418817023742432  0.73498670049621162
  0.74566728063525589  0.75547195382953403  0.76511082480554859  0.77464327062672389
  0.78396116459025722  0.79288821293025313  0.80098295006205966  0.80857093751664477
  0.81646389464523905  0.82426238991888889  0.83163826725726508  0.83961473844928114
  0.84837761991698646  0.85920079845270270  0.87204124273283157  0.88435265637248661
  0.89657554738512812  0.90827919052303219  0.91951374161201860  0.92971065683392906
  0.93930896910943595  0.94812653746676245  0.95693369939457606  0.96575838127833535
  0.97399483515079843  0.98229615369446599  0.99097903002508358  1.00000000000000000
  0.04143698283796431  0.11958946583296821  0.15381471387219958  0.17864967227502412
  0.20043843512681467  0.21945898374173514  0.23470683129326722  0.24784046952213093
  0.25899563765170569  0.26978033445002758  0.28028062560404854  0.29033248848563775
  0.30014747674815090  0.31006680827871569  0.31982970440103936  0.32877606052178437
  0.33725959814621254  0.34592559112196319  0.35477321388601218  0.36367697391731574
  0.37243756208227563  0.38271513364212284  0.39343556607443886  0.40242046186059605
  0.41011312935562233  0.41768226898154964  0.42511131950562026  0.43273244970897179
  0.44011893460872487  0.44756568947814668  0.45490597935412558  0.46312949476418752
  0.47163131541864273  0.47915303146979371  0.48576056832474152  0.49211697554775463
  0.49902155126908543  0.50644082574962146  0.51415452294295405  0.52168933883468471
  0.52894501791571469  0.53595422569393525  0.54279218180351707  0.54971657633580817
  0.55679680966079481  0.56409599245723441  0.57151541332960476  0.57882622258499072
  0.58611933300402996  0.59367703344052936  0.60123621754953105  0.60917275421187256
  0.61748536572862456  0.62590141609338745  0.63428439292933625  0.64265249077377040
  0.65096960636339474  0.65902963033775142  0.66682365173778824  0.67575222700996984
  0.68429417566735695  0.69207040724672197  0.69925186420074437  0.70632057565634221
  0.71367783346350822  0.72136357396814599  0.72916259293909291  0.73670766490360162
  0.74360085998491599  0.75015674292831003  0.75773368364359728  0.76515390771928671
  0.77208798438478876  0.77848254229446812  0.78454611250841222  0.79050359073679510
  0.79558132256711400  0.80004722179507737  0.80521378975971247  0.81029522712759017
  0.81519912524927740  0.82027372917300401  0.82563682773531355  0.83071927715524863
  0.83538308438585929  0.84007751538888120  0.84517526455575132  0.85142925609990283
  0.85896866593189414  0.86888777845737131  0.87921393175025342  0.89089090774135538
  0.90644027495520030  0.93768832512107403  0.96238872292787270  1.00000000000000000
   1.5926526680723204E-012  -1.0000000000000000     
 F F F F F F F F F F F F F F F F F F F F F F F F F F F F F F F F F F F F F F F F F F F F F F F F F F F F F F F F F F F F F F F F
  <DiscreteSampler_grid>
  grouped_processes
  1 # 1 for a reference and 2 for a running grid.
  10 # Attribute 'min_bin_probing_points' of the grid.
  1 # Attribute 'grid_mode' of the grid. 1=='default',2=='initialization'
  0.0000000000000000 # Attribute 'small_contrib_threshold' of the grid.
  0.5000000000000000 # Attribute 'damping_power' of the grid.
 # binID   n_entries weight   weight_sqr   abs_weight
    10   10   1.760436184378248E-001   8.151965425147317E-002   1.760436184378248E-001
    11   10   1.760436184378248E-001   8.151965425147317E-002   1.760436184378248E-001
  </DiscreteSampler_grid>
