 -0.01788185126633342  0.16283483819169089  0.25520786628785336  0.32903020827352181
  0.39355733507798557  0.45141432256437153  0.50356273269391960  0.55081556421652600
  0.59384727367864387  0.63349071861154604  0.67014436999034510  0.70378317511341881
  0.73453473918808532  0.76289328691465241  0.78842876548617780  0.81185832573341354
  0.83289611673143893  0.85207291603194457  0.86891985443019382  0.88412993434442499
  0.89774131348606645  0.90968019136882228  0.92020186053459774  0.92929509226177520
  0.93761485108360643  0.94414699253258705  0.95010385566042399  0.95557022451731133
  0.95931834509937941  0.96153140226128697  0.96372570995832496  0.96579637183456180
  0.96775546012792568  0.96962058382143224  0.97139627627432734  0.97312138743365773
  0.97474682465857598  0.97628701965074804  0.97773552492194316  0.97908555012400489
  0.98023933857374157  0.98131906797175761  0.98236494741623726  0.98336472721227819
  0.98430712076304672  0.98518328493613561  0.98600158176445574  0.98677703570424735
  0.98751181951797073  0.98820647722744326  0.98886421706726213  0.98949420898943297
  0.99007153198428666  0.99061530518130470  0.99112628379579137  0.99160442196994214
  0.99204737739038296  0.99246219099951305  0.99285509484058987  0.99322612542627553
  0.99356874460294087  0.99390493387559831  0.99421527092745110  0.99448715269515886
  0.99475035746307272  0.99500954873849312  0.99526400439677565  0.99546851759310295
  0.99566385694839921  0.99585538927843997  0.99604018685504292  0.99622119849990853
  0.99638644747346727  0.99654449834738901  0.99667004467504805  0.99679523090730848
  0.99691976071863342  0.99703993517044331  0.99715648562822101  0.99726912149395464
  0.99737929227699984  0.99748738721065511  0.99759391288597876  0.99768514136340369
  0.99776009617912664  0.99783465228266555  0.99790863941241836  0.99798119571922961
  0.99805060290969094  0.99811960756843321  0.99818359338648066  0.99824757920452800
  0.99829415202696770  0.99833120162560107  0.99836352700104447  1.00000000000000000
 -0.00237005336526728  0.00985703145741857  0.01896622815936174  0.02822634401459019
  0.03741039664843403  0.04719214385852480  0.05766559899180268  0.06999857406434923
  0.08318402566049998  0.09458151873807985  0.10541935670140916  0.11641252074881944
  0.12765237818913217  0.13840334274066421  0.14962383090337644  0.16128969951848970
  0.17328696811861025  0.18484401772862150  0.19536219354002510  0.20570455507327778
  0.21659488388593212  0.22755446355569814  0.23835669876285154  0.24946959847053377
  0.26118808575686009  0.27316675033476828  0.28559570151397617  0.29919011486664226
  0.31301343267222204  0.32506128554788372  0.33549967523954333  0.34614530566735319
  0.35560817121741023  0.36288220789680675  0.36983689322266811  0.37696040154246552
  0.38414492851801202  0.39159158584060166  0.39952751821169075  0.40695728672876413
  0.41306892361253061  0.42419809163589040  0.43716846949541266  0.44882130236278411
  0.45915126014611174  0.46886359015924545  0.47929080702540033  0.48996170749914814
  0.50111018248001604  0.51330078372566978  0.52622209452940771  0.53934385344975333
  0.55076898490656467  0.56185489147978651  0.57351447207896267  0.58519018043580096
  0.59573784085875447  0.60591215407915311  0.61615750303774375  0.62610916024298879
  0.63567904598479874  0.64581187285904318  0.65599767188619229  0.66607559144500439
  0.67484192927000897  0.68341265655376693  0.69251857755870816  0.70238130845391011
  0.71274765748185753  0.72296385593648171  0.73433975800777296  0.74745218746423125
  0.75971552894297667  0.77067482299105761  0.78223353637807580  0.79251033684972427
  0.80225431375773326  0.81206254521952881  0.82168940848307359  0.83063426608653623
  0.83936651639051441  0.84765438935057658  0.85693954041547482  0.86783628793302192
  0.87993017830203768  0.89213609941152550  0.90388845348873570  0.91491481061976199
  0.92652035916008790  0.93871560295410805  0.95088997601269099  0.96196260241306464
  0.97176651115774670  0.98145742604313935  0.99053446340081241  1.00000000000000000
 -0.00298627227414375  0.01096647587435429  0.02291097772682526  0.03397404384142756
  0.04469106726202795  0.05602390802139447  0.06792399438379022  0.07949743974841711
  0.08835553793109747  0.09541382299575810  0.10230207709477014  0.10937889167208936
  0.11631629941720691  0.12358573486698854  0.13101435993041921  0.13826985156421531
  0.14587010768895559  0.15501594569449098  0.16491165676755598  0.17483347333266996
  0.18546274467161919  0.19714584876374106  0.20865012740549232  0.22000630778892627
  0.23158288456490531  0.24354868328025248  0.25482720996471292  0.26555806967357715
  0.27588796502723112  0.28592531234759533  0.29571765595135857  0.30563109629006752
  0.31512066359223262  0.32412899499811770  0.33393305362384457  0.34381724407077929
  0.35360999584783759  0.36381422112297096  0.37517497655160670  0.38770800277380169
  0.39861449503096119  0.40798526488195336  0.41748768410858050  0.42708162965531443
  0.43652514767477751  0.44577755915792638  0.45488600553372271  0.46485660236353593
  0.47525813538565692  0.48530007403213465  0.49537642763192330  0.50416939046282616
  0.51259728168336371  0.52196277393788815  0.53170246410402022  0.54126612382531913
  0.55062608304002791  0.55997390727890439  0.57041807192703842  0.58121850579043632
  0.59198320642848956  0.60268709092744399  0.61245546551593344  0.62286094519606250
  0.63368374621261048  0.64605296634264830  0.65734336432338702  0.66871479203089124
  0.67832897716419671  0.68685166436104850  0.69474916199693360  0.70251294915574780
  0.71097594353967797  0.72005326458149765  0.73001594819694360  0.74095840834338844
  0.75305166608106688  0.76604485764583274  0.77940038609135631  0.79251697256473175
  0.80473446460869136  0.81603805395196105  0.82723066290808911  0.83940350780951511
  0.85402386846370848  0.86973588830438786  0.88444422024478975  0.89789002556227049
  0.91051276484272281  0.92278824314658836  0.93517801986665106  0.94866848400515369
  0.96200206642675046  0.97497836075167199  0.98751285777599018  1.00000000000000000
  0.00653209943774242  0.01649747745530489  0.02859062737652206  0.04080475271858924
  0.05250374924415847  0.06529287015506313  0.07799106212622074  0.09057745528194461
  0.10305378326621789  0.11573890483769317  0.12893966513469404  0.14121474592144670
  0.15313552291542790  0.16493242780723641  0.17513237712207796  0.18471313875455567
  0.19510881768212956  0.20606672829330219  0.21782288837030245  0.22983545233262928
  0.24207387813364731  0.25458468477721746  0.26603953099059091  0.27811605939763107
  0.29039400797815568  0.30219998358692329  0.31356833011034413  0.32509257299476146
  0.33697990201727734  0.34960006987014625  0.36350923026088144  0.37882327357005269
  0.39375277217079613  0.40702862468653866  0.41992718757674524  0.43234405355404587
  0.44465650007439245  0.45699659369132450  0.46861145242278951  0.48004844594618279
  0.49177942682170045  0.50447005592373262  0.51791765021150726  0.53215962859685795
  0.54581357684496512  0.55991130824982616  0.57417254004203133  0.58890088790028705
  0.60328575687756092  0.61734857110076347  0.63128883758948207  0.64530481446135946
  0.65812049522590976  0.67028748182256137  0.68249636296665395  0.69218862382648094
  0.70137759824736856  0.70938979181463746  0.71728855620433196  0.72536541357802553
  0.73450499551153114  0.74404231513994701  0.75421527132295030  0.76491822715331736
  0.77544230125979952  0.78620239277284454  0.79645898024224315  0.80543996691950059
  0.81391798594981435  0.82246047753120277  0.83107294710469393  0.84050210842072282
  0.84974789614393009  0.85931016967369855  0.86808077082838753  0.87652446424420194
  0.88488289085728677  0.89324231856019898  0.90126147534044798  0.90928973163435400
  0.91639226403729090  0.92340681896650290  0.93029691089202105  0.93701691229089135
  0.94379803084669078  0.95033435915252396  0.95650566635157974  0.96143251647234185
  0.96544841258377367  0.96987727854026806  0.97445114296785940  0.97897515280413250
  0.98303291976803209  0.98710133041295389  0.99577531178425394  1.00000000000000000
 -0.00245015277030234  0.00938927125934765  0.01916366355642367  0.02890333495659964
  0.03927899497947318  0.04977309358358085  0.05904757111680738  0.06833504538463819
  0.08067842060936903  0.08680320600028919  0.09290324532518413  0.09949956881622296
  0.10575029864766580  0.11206507620320508  0.11882549424674763  0.12612515019990037
  0.13325362227500737  0.14020785828986970  0.14777229810694154  0.15897253809736653
  0.16960811277080165  0.17982834335366604  0.19058057472366588  0.20182406426897048
  0.21263684462703869  0.22223874659104886  0.23234454068242957  0.24354411682070654
  0.25533045208993316  0.26674581614109777  0.27918032668937859  0.29220823566188181
  0.30519563970757341  0.31858543935499384  0.33131728688102169  0.34297464473579053
  0.35362478499929106  0.36363467857449838  0.37380053878283925  0.38365557780918663
  0.39328338437083915  0.40222689119477317  0.41088781560893367  0.42019544701489087
  0.42975547733794045  0.43875958292836054  0.44713643539804293  0.45584140178128341
  0.46564695527382249  0.47674491989775358  0.48822855474586829  0.50015225341438929
  0.51209154285655722  0.52521323549380039  0.53779283976404180  0.54930455785642662
  0.56002074696967752  0.57098939819837224  0.58318124896678947  0.59627871436166202
  0.60932540489366216  0.62172975133276331  0.63350672024408561  0.64494793007883144
  0.65646452312604542  0.66874613115315351  0.68180554917278458  0.69400140711888547
  0.70339881424741668  0.71275944907534217  0.72211856893357196  0.73137496314157324
  0.74032194674174001  0.74936701108606385  0.75962737225833199  0.77063400083808398
  0.78157148601684856  0.79328807192617168  0.80592647603673828  0.81784990694631743
  0.82867082274112036  0.83985422286095834  0.85199303501609547  0.86499570225894740
  0.87881936621730994  0.89252171350909293  0.90506292262134025  0.91550126691825306
  0.92510090154590141  0.93477694870329597  0.94529293228936750  0.95578265796091777
  0.96635305802109539  0.97697270662340507  0.98827353677472352  1.00000000000000000
 -0.00212011457546385  0.01227676110287571  0.02376743040998975  0.03493086131243576
  0.04673601006482459  0.05963671457717061  0.07264994632651127  0.08497416678656623
  0.09665601003521049  0.10892306294650884  0.12122286880979019  0.13055164300172958
  0.13748599661423599  0.14446404870648114  0.15161064537667304  0.15876017579019946
  0.16604919075966409  0.17371271117326922  0.18119084599036778  0.18974034701240380
  0.20132083007550991  0.21447346102093776  0.22702906707136564  0.23786318118237892
  0.24779763544708527  0.25782522745445691  0.26824811555499817  0.27971977357807493
  0.29090348559021312  0.30264827965353103  0.31480973742092094  0.32659310099794431
  0.33811877929044060  0.34992652014671632  0.36164350409133184  0.37299623804331511
  0.38338666910906533  0.39364642756962998  0.40488294626966215  0.41646957212171343
  0.42790932371099050  0.43976399721500120  0.45188122367950906  0.46325465733564664
  0.47357548588478388  0.48407148341475920  0.49466737409062866  0.50510331835252420
  0.51629562269324247  0.52851784354029685  0.54246237686963161  0.55451485866298011
  0.56619158429074468  0.57786971023106526  0.58781577365805826  0.59685670674034874
  0.60603455160278008  0.61505207986887311  0.62432235166884098  0.63401710505820486
  0.64376639477919528  0.65670023930816879  0.66907937946890450  0.68043896218987265
  0.69170699070751229  0.70259031773063874  0.71279145427916657  0.72256314632083007
  0.73255498124220531  0.74359120387369559  0.75461537288704073  0.76564929912507040
  0.77725231213021950  0.78894679112470723  0.80006344314707167  0.81061927822257307
  0.82073493720627488  0.83046302821822171  0.84029962501601607  0.85040805520723883
  0.86124843855221733  0.87334292639284727  0.88627501237246298  0.89866552626694041
  0.90722993105134020  0.91606015436944110  0.92516417331114775  0.93361133821396569
  0.94175311726181676  0.94986885624082606  0.95809766793572781  0.96727342763270463
  0.97649794198602990  0.98491471345265902  0.99259789966400869  1.00000000000000000
 -0.00027826307858529  0.10914453299454555  0.14062864993247351  0.16685256929038964
  0.18722140665319806  0.20591573174330802  0.22355882904248989  0.24175685653494655
  0.25770457188908508  0.27185464574432117  0.28581276375528303  0.29967847445198581
  0.31278099325502362  0.32464396930120681  0.33624630434812142  0.34840404437266953
  0.36085866103621850  0.37303411667808706  0.38469282285691275  0.39605758515928452
  0.40738414825675101  0.41843626163475051  0.42940060461559421  0.44007917849944211
  0.45007070254935749  0.45945602443114725  0.46846709491524741  0.47756933189112954
  0.48653114410811021  0.49516956984141214  0.50340937345646430  0.51109588316374943
  0.51856603552504932  0.52581927663721917  0.53302641480977730  0.54041388051232486
  0.54811741640003508  0.55583181746042176  0.56345866959483260  0.57091870569935643
  0.57826796722720053  0.58488180423589631  0.59131365924282620  0.59793151560465208
  0.60467073203144217  0.61148175364567947  0.61834236878368087  0.62519119910981291
  0.63177922106060647  0.63790267196955375  0.64385055582229234  0.64988488479077477
  0.65613851832755332  0.66250151129519419  0.66897776722619329  0.67584748643994319
  0.68297164548035982  0.69006309876019789  0.69732188161069764  0.70438723720543917
  0.70979018433164598  0.71418106499808709  0.71861263745115345  0.72312739392144920
  0.72805865968311623  0.73292007567098116  0.73762604831997303  0.74212206870063546
  0.74667388050638139  0.75140530950573470  0.75632411313490533  0.76107232624730636
  0.76584155769367235  0.77016572862044064  0.77661431078990373  0.78348480681549981
  0.79010189345649562  0.79627410785769015  0.80248624030853344  0.80863078022306312
  0.81420425235401206  0.81948014362288757  0.82460834539170402  0.82980324465019106
  0.83556556123196324  0.84161734400157340  0.84838204433270559  0.85649961977851974
  0.86616912516661648  0.87957427338448946  0.89319534528537137  0.90746356806424555
  0.92217792889609218  0.93799615569165939  0.95826861138384434  1.00000000000000000
   1.4950534135037820E-012  -1.0000000000000000     
 F F F F F F F F F F F F F F F F F F F F F F F F F F F F F F F F F F F F F F F F F F F F F F F F F F F F F F F F F F F F F F F F
  <DiscreteSampler_grid>
  grouped_processes
  1 # 1 for a reference and 2 for a running grid.
  10 # Attribute 'min_bin_probing_points' of the grid.
  1 # Attribute 'grid_mode' of the grid. 1=='default',2=='initialization'
  0.0000000000000000 # Attribute 'small_contrib_threshold' of the grid.
  0.5000000000000000 # Attribute 'damping_power' of the grid.
 # binID   n_entries weight   weight_sqr   abs_weight
    10   10   9.477761928765964E-002   1.946124634083744E-002   9.477761928765964E-002
    11   10   9.477761928765964E-002   1.946124634083744E-002   9.477761928765964E-002
  </DiscreteSampler_grid>
