 -0.01755967471631217  0.15793785504483304  0.24947610577760104  0.32302965775388748
  0.38708096512203605  0.44135022986851108  0.49027855200230924  0.53579813958691991
  0.57985797515915538  0.61993260281484353  0.65629835281240312  0.68945827313189478
  0.72036270240990752  0.74880855690899228  0.77449211469252022  0.79753703801232523
  0.81864132392122957  0.83739440789529840  0.85433913962903474  0.87027699382609247
  0.88475526449976494  0.89775997809610009  0.90861742065513684  0.91802521678710769
  0.92641793870004119  0.93412126775382986  0.94051452890082410  0.94599748563304487
  0.95124927700229678  0.95606606629115432  0.95950423373059956  0.96184305213057653
  0.96410555228622941  0.96627230047572166  0.96832779664292301  0.97034178572480545
  0.97228071343763101  0.97410151461968342  0.97576792944372814  0.97732063837448946
  0.97876498194176731  0.98001102109205562  0.98114507872062684  0.98225124563441124
  0.98328930670455861  0.98429678700144718  0.98521056845114419  0.98606563799003444
  0.98691081571111705  0.98769946184890312  0.98846318112693221  0.98917144024197523
  0.98981376672841792  0.99041159274611668  0.99093689122197526  0.99144090202634871
  0.99191374633941787  0.99236529323941280  0.99281299822354896  0.99319376515589541
  0.99355494107909192  0.99390184921884783  0.99422945909063198  0.99452210500106430
  0.99477586159960329  0.99501803474438755  0.99525694408146381  0.99549092132882044
  0.99569398965309075  0.99588317675694660  0.99603413009920538  0.99618333234026557
  0.99632941315332391  0.99647293741455401  0.99661508758748363  0.99674839127603942
  0.99688064813197308  0.99701289360966283  0.99714165261004595  0.99724456211028678
  0.99734633691479013  0.99744180316506437  0.99753652422188432  0.99762654243149962
  0.99771656064111491  0.99780228481871147  0.99788800524197996  0.99797069532857596
  0.99805239830851511  0.99813098968900549  0.99820489577343618  0.99827880185786677
  0.99831498470044067  0.99834146403863611  0.99836623817206049  1.00000000000000000
 -0.00280616242899582  0.01235071500820992  0.02091594964883112  0.02962244160915981
  0.03818421243370417  0.04662413653538874  0.05859696868741081  0.07063434578697625
  0.07949856663704025  0.08761355192312360  0.09628067555483781  0.10798078697191016
  0.12027237417322560  0.13274959563235667  0.14536939529499518  0.15654486238063023
  0.16748227766508131  0.17826930729665708  0.18864738881216117  0.20090290847728445
  0.21102824435309481  0.22013039555569758  0.22831780126431594  0.23674548594629605
  0.24512614336056637  0.25372805934370468  0.26734160277164193  0.27936699569258355
  0.29103030706766259  0.30172154753307801  0.31328071456818796  0.32643808549485132
  0.34019304961571489  0.35497001503686021  0.37090899893561663  0.38652916387594055
  0.40054789105152361  0.41426641514396056  0.42509121776654901  0.43476775760226150
  0.44336835382497886  0.45235178678014637  0.46074690362447718  0.46978288438453897
  0.47913127802462757  0.48992702816867828  0.49965892716882226  0.50882107829873591
  0.51848113936212392  0.53004333571867823  0.54326107034910154  0.55777539746508964
  0.56754591847653624  0.57560640957994125  0.58324420916696773  0.59064536489277675
  0.59793159054609424  0.60538887710250955  0.61401098426017309  0.62550073357849312
  0.63981964872471508  0.65312866224007904  0.66486354179515239  0.67687528223391835
  0.68858207205576394  0.69797771822035992  0.70743679194454578  0.71764714670536223
  0.72884783564765432  0.73920143727463195  0.74919918969215338  0.75892796712245336
  0.76835449789507204  0.77840443452144137  0.78899403473514773  0.80108912329399051
  0.81407061173924522  0.82610530459144049  0.83605691458772669  0.84277946843024631
  0.84913890434849404  0.85516543535155098  0.86308312134101284  0.87256547515779681
  0.88174718849676126  0.89095036228283453  0.90245558674868953  0.91448839547460781
  0.92475580682140113  0.93398272966893692  0.94323572203620243  0.95120385055687140
  0.96146302773283399  0.97277651897305883  0.98463566471599340  1.00000000000000000
 -0.00391916903561341  0.01338654837636647  0.02879191095047865  0.04248793300538083
  0.05577409173415425  0.06550491512203439  0.07269423837646297  0.07911065584293653
  0.08555567787970930  0.09195755057126044  0.09870781934027339  0.10611194026220656
  0.11444482924302254  0.12115279910201825  0.12830514561874945  0.13604895000202119
  0.14374003952095626  0.15103689129048670  0.15795553297672238  0.16498969548329134
  0.17403789617284862  0.18520335115046019  0.19530235299605256  0.20486892455150435
  0.21474777386850274  0.22741939456708984  0.23731010123946195  0.24666593412606141
  0.25668291353895778  0.26747688502617756  0.27762045150923925  0.28700540652604717
  0.29720883235111906  0.30775644930939250  0.31826233561974343  0.32776254409128669
  0.33837738959248803  0.35053796074440524  0.36356406628366805  0.37606938103853160
  0.38782696811575096  0.39834816870384221  0.40949700022959462  0.42306591503525359
  0.43796903851313285  0.45298693815768792  0.46739354783549519  0.48006595247949280
  0.49135217465762487  0.50204181999541719  0.51344665210588303  0.52618901569206766
  0.53876454537943075  0.55265028851654863  0.56854440696364050  0.58402610774329444
  0.59776461315576701  0.60942440335060988  0.61966914130060935  0.62974588841416912
  0.64044097998173222  0.65306517465828462  0.66770890070226674  0.67849134731757399
  0.68609609539410898  0.69312796312138913  0.70061852884585196  0.70853319943865956
  0.71805191910730881  0.72800001786246049  0.73806227397002988  0.74836415551282365
  0.75840351376881987  0.76974365816461043  0.78285778182724575  0.79620162161259656
  0.80736835294013953  0.81676030053209114  0.82515962344790983  0.83342783474371562
  0.84225896371459230  0.85215229595726072  0.86413188888510317  0.87728620448424643
  0.88931446241591083  0.89882889959857115  0.90783501983260773  0.91704241002548581
  0.92720874257334418  0.93770491439354353  0.94714930003650621  0.95764167082665541
  0.96826449429004791  0.97825632095958470  0.98835176310315009  1.00000000000000000
  0.01139135475146109  0.01504201399751691  0.01806031584333353  0.02314918294193020
  0.03001305313809012  0.03694540528103750  0.04307158727736770  0.04909147776272269
  0.05638256537813513  0.06585647609380667  0.07704035917000111  0.08653423453405527
  0.09332026092764606  0.09993649111189994  0.10788461820224805  0.11774100729879715
  0.12719452659505212  0.13646892968734065  0.14565123946400263  0.15437645805014952
  0.16374597993215781  0.17521642940091681  0.18873290248464791  0.20248556902639472
  0.21381504157349049  0.22310561018492220  0.23251292698023796  0.24103065297151019
  0.24864300661621322  0.25659063663738851  0.26507774812353402  0.27578030591184971
  0.28878432838210777  0.30086033619357760  0.31174988647348451  0.32250515338532454
  0.33398259758182852  0.34548318975536851  0.35665325273134080  0.36884029668288354
  0.38456958569868172  0.40502312722462863  0.42502919650670234  0.44168387341233933
  0.45592110396743030  0.46776002435086267  0.47828857552444054  0.48913021398958190
  0.50266363712266904  0.51472588169527345  0.52403770167015451  0.53378220205474625
  0.54513459775199169  0.55800005830367816  0.57106130686517387  0.58498171816443989
  0.60064904669806873  0.61595384650599705  0.62944795773348805  0.64220840192786011
  0.65310515090983035  0.66474566920611544  0.67638126854949254  0.68825374483733115
  0.70047335353795781  0.71431850991101609  0.72630477909703672  0.73742837610296263
  0.74656679818119498  0.75671943501726047  0.76749518726266253  0.77966222435359400
  0.79255592953820342  0.80467690544434634  0.81532576951041280  0.82408492208090578
  0.83334257622118368  0.84322417250882886  0.85362834302062263  0.86476979020700673
  0.87405864288900847  0.88313833734873737  0.89202493759358170  0.90098180447843412
  0.90861647804747980  0.91565567721326191  0.92298911083738167  0.93085383811846512
  0.93868744919486691  0.94592440703589242  0.95410488892173306  0.96349557051535961
  0.97251512448765498  0.98157941389892012  0.98967667012271210  1.00000000000000000
 -0.00202189766579494  0.00691986137559632  0.01703293632313672  0.02333939003355323
  0.03041460553724684  0.03946199543100812  0.04742797135559162  0.05528011785077808
  0.06324162501682444  0.07114101085047361  0.07818673086843936  0.08426400946758157
  0.09116386523415898  0.09888641001713924  0.10902214372985743  0.11947935941524905
  0.12930964576843160  0.13948617887884837  0.15042498494205564  0.16205563868327955
  0.17461219105568981  0.18773342893576211  0.20166656022578655  0.21518304423074761
  0.22690220101911607  0.23796644837540051  0.24967039978334468  0.26296108453895323
  0.27576220778335070  0.28865816173720232  0.30043022504405714  0.31119873231527750
  0.32123470061026693  0.33123363350462420  0.34100629777206715  0.35114386991550728
  0.36125990973788319  0.37249266743805692  0.38421985401312025  0.39679849765185837
  0.41016188832494493  0.42395159757165968  0.43806030793925432  0.45195822133441205
  0.46465458243410968  0.47586637257436676  0.48800236862990615  0.49963870558699458
  0.51262715796901248  0.52484724862394050  0.53659482295114147  0.54750583557116794
  0.55786582761759518  0.56520034427101662  0.57203677406410069  0.57850240674977671
  0.58557888858241924  0.59412959094605311  0.60472287342560582  0.61707546774710120
  0.63063712975724329  0.64270926153137575  0.65252805563993987  0.66074283471010498
  0.66823041279608941  0.67797619853394808  0.68864278078006713  0.69867171626008129
  0.70729557369721330  0.71595302237622893  0.72446249740776703  0.73470593243083737
  0.74415528536239728  0.75324229116881070  0.76261651227593563  0.77549947178503276
  0.79316631315838193  0.80636953297003700  0.81600664702618864  0.82350518031822184
  0.83062363856235699  0.84055864243253298  0.84983220647772717  0.85833955119563476
  0.86648516299228173  0.87380568993132590  0.88195047373670254  0.89371168821372349
  0.90615676293000502  0.91848287874082446  0.93439192879861077  0.94589179882679963
  0.95788484196915658  0.97005185266753891  0.98177650078814105  1.00000000000000000
 -0.00116470509865481  0.00969008285334617  0.02101338907558807  0.03121486225376965
  0.04228038866167903  0.05316775918103314  0.06306012515882474  0.07331248824376879
  0.08373227193832883  0.09493556449156257  0.10707459380840136  0.11845577207330393
  0.12938412272761821  0.13993033947849062  0.15116909376540247  0.16208240341947078
  0.17097854650118993  0.17920592749537045  0.18861763059956269  0.19758215516303212
  0.20463319437185462  0.21128881885705092  0.21801887418606916  0.22500622061560277
  0.23385177592631040  0.24407156182151182  0.25433199443523652  0.26600882121573405
  0.27926127363059450  0.29336529102519027  0.30545386976055589  0.31711228498870442
  0.32848145612890800  0.34180692090731912  0.35522630164345864  0.36813151656893006
  0.38147463203797000  0.39369907169098928  0.40266496544606428  0.41062205359566722
  0.41924206649230822  0.42934104175788795  0.44007530488844299  0.45001737110446255
  0.46065742401828175  0.47294931247453331  0.48626639750510470  0.49934532312170010
  0.51081286096008549  0.52002217665243400  0.53042770386176874  0.54174886106094400
  0.55588125464242866  0.57185124440824164  0.58811364796595489  0.60365170438104498
  0.61672350894635242  0.62787246165819444  0.63577011383029791  0.64343307076613687
  0.65086476337388011  0.65812239116314375  0.66570596839552865  0.67392167324081131
  0.68126636188945733  0.68872360975348001  0.69907902775684994  0.70945207692980738
  0.72235550599102116  0.73668058116676594  0.74716247028223715  0.75728720900999680
  0.76917165966808021  0.77768175501691017  0.78614719724763471  0.79401927812138673
  0.80087600661601033  0.80780292912196727  0.81603561070466801  0.82453000257394049
  0.83180889918774470  0.84141894668606243  0.85538871819707973  0.86871206281817415
  0.88288593084555167  0.89493941276804978  0.90643911625571394  0.91648166468757142
  0.92642317831290100  0.93648642149391292  0.94813845165678434  0.95949842854148315
  0.97003312994115620  0.98023525846916437  0.98998041102428591  1.00000000000000000
  0.07291547769748598  0.09742135452547673  0.13184641934375438  0.16198210275442404
  0.18100704393869138  0.19690067754247451  0.20841815566491201  0.21872488978715077
  0.22889561106154016  0.23982269198666578  0.25081829900017988  0.26053825810302600
  0.26899511291010542  0.27850710707275811  0.28710537626558008  0.29639487344865295
  0.30397751318821026  0.31138918626790879  0.31844396424392823  0.32630940439333467
  0.33457990182738068  0.34212663046101188  0.34931848392267967  0.35728811491888268
  0.36420181060291212  0.37041818766326384  0.37729220384373446  0.38543859455328222
  0.39450069250452491  0.40375267251540270  0.41189866379965878  0.41885902357133836
  0.42554283126068060  0.43164764193196914  0.43766995106258527  0.44349535811275348
  0.44885772295268578  0.45546299535701840  0.46314393686416788  0.47033732905997100
  0.47604374423610368  0.48077022723563229  0.48412874507924819  0.48782280303443248
  0.49220540561658610  0.49689317307571951  0.50137372245261147  0.50606563914183378
  0.51093024461270453  0.51690147566072309  0.52195264584132106  0.52700490056918003
  0.53190094547423994  0.53679073142110878  0.54193290643726721  0.54762091270101165
  0.55343926105436470  0.55904884538200217  0.56460070609852409  0.57020816744502256
  0.57636565252592065  0.58191368030857149  0.58746450661162908  0.59302672319225647
  0.59863239205066365  0.60516860707576448  0.61242520377525722  0.62015373215325242
  0.62731297456193957  0.63568440395580061  0.64434666347131664  0.65305381891537539
  0.66129476072732674  0.66859011188018969  0.67597694910809569  0.68379704938889296
  0.69321748711594489  0.70336364205395019  0.71296167565476554  0.72253793433754787
  0.73085641678134350  0.73791029719626422  0.74564419305589436  0.75496035208643986
  0.76475820026405972  0.77541274843239061  0.78300215062157819  0.79014208599858216
  0.79785344589863394  0.80963645409443341  0.82612748099909294  0.84834427821598957
  0.87923506149703612  0.91306653731739651  0.92442812884069991  1.00000000000000000
   4.0744930410526120E-012  -1.0000000000000000     
 F F F F F F F F F F F F F F F F F F F F F F F F F F F F F F F F F F F F F F F F F F F F F F F F F F F F F F F F F F F F F F F F
  <DiscreteSampler_grid>
  grouped_processes
  1 # 1 for a reference and 2 for a running grid.
  10 # Attribute 'min_bin_probing_points' of the grid.
  1 # Attribute 'grid_mode' of the grid. 1=='default',2=='initialization'
  0.0000000000000000 # Attribute 'small_contrib_threshold' of the grid.
  0.5000000000000000 # Attribute 'damping_power' of the grid.
 # binID   n_entries weight   weight_sqr   abs_weight
    10   10   1.767105439684623E-001   5.135269946665435E-002   1.767105439684623E-001
    11   10   1.767105439684623E-001   5.135269946665435E-002   1.767105439684623E-001
  </DiscreteSampler_grid>
