 -0.01705637064432254  0.15862674627394113  0.25269500223953012  0.32896124835138219
  0.39328922081515855  0.45147895479160055  0.50201138185433614  0.54962545409750674
  0.58913680618971687  0.62655046169213713  0.66368772232954887  0.69730782919182666
  0.72821346125472264  0.75676369399944743  0.78261289428096625  0.80568204570767010
  0.82784825190612532  0.84750666219140613  0.86516586470427381  0.88089495468165713
  0.89452330984303308  0.90685763963815569  0.91773315022346691  0.92617033695093987
  0.93363358931841223  0.94024819258717518  0.94579731289735258  0.95118787825646300
  0.95644093142845532  0.95966029332358127  0.96182666347207313  0.96385555664795597
  0.96577827231746771  0.96767669209766072  0.96951064907372486  0.97140638872236162
  0.97330700361092060  0.97500781298859251  0.97653576900283179  0.97802094183264587
  0.97943221442800199  0.98062255698188883  0.98167338476278321  0.98262975052310420
  0.98353111008130945  0.98438894628745022  0.98517961266337739  0.98594018991369436
  0.98668758076537455  0.98736052426696086  0.98796304296914839  0.98856447508615375
  0.98915939265878594  0.98972877219344602  0.99025670237225005  0.99078316847257653
  0.99130243295880760  0.99177405645791317  0.99221850473735285  0.99264173789436205
  0.99302365495366929  0.99339010195732513  0.99374122694013800  0.99406927988636196
  0.99435345757794869  0.99462260391814450  0.99488828311801691  0.99513872568356543
  0.99537953008866853  0.99559362913269822  0.99580118611914636  0.99599777876694007
  0.99619157578059259  0.99638349258326198  0.99652462274902720  0.99665186827741059
  0.99678183702499823  0.99691176438919582  0.99704011080285315  0.99716692610715008
  0.99729005687448780  0.99741163416177891  0.99753070185826620  0.99763291805752741
  0.99771046972386324  0.99778673471411061  0.99786014007533008  0.99793323489280605
  0.99800475753157358  0.99807628017034100  0.99814265898544474  0.99820884069678151
  0.99826644831199263  0.99831793717944051  0.99836290497236957  1.00000000000000000
 -0.00347271786527827  0.01684400567732909  0.02714149497679157  0.03773900979903714
  0.04710955707178246  0.05628003897078217  0.06906606292400380  0.07885111998597324
  0.08742500758102975  0.09615612750748868  0.10454928183191545  0.11378078656035001
  0.12345506068343860  0.13281682146434218  0.14205932413902353  0.15138756024218503
  0.16271293459496061  0.17676777178397621  0.19256527245781355  0.20659763521761854
  0.22195064597999289  0.23464562740787526  0.24780479297376592  0.25571780568308078
  0.26361945269593384  0.27129915230883250  0.27699148669898488  0.28281868530509341
  0.29055847461845619  0.29897924310874874  0.30794910171543632  0.31653551688978504
  0.32334133285005395  0.33007924731027027  0.33694716958511173  0.34400756622375478
  0.35124242435919267  0.35877116489976840  0.36604598346851436  0.37207656681387896
  0.38023047820768208  0.39070978893344582  0.40333488413682078  0.41888673467907944
  0.43560305745200917  0.45314094985309306  0.46944656278929620  0.48333941913212886
  0.49610757181812598  0.50855016138703135  0.52146732038309984  0.53260780731203816
  0.54330395750926830  0.55406206746563091  0.56541856170612426  0.57572955924652836
  0.58717158177928475  0.59991383578553925  0.61297973180807763  0.62536236732121120
  0.63799904534522256  0.64943755213167675  0.66058720749455746  0.67225278853177950
  0.68410060719909138  0.69678477072246758  0.71337020705968046  0.72582311208554307
  0.73903263737447511  0.75009275225629513  0.75999807086899696  0.76983044084810859
  0.78014033030800078  0.79073605483776654  0.79970942302734638  0.80774293370870187
  0.81637790541317923  0.82514921584954892  0.83427260482420484  0.84379835436186645
  0.85440230316806398  0.86587326627622652  0.87682569299902557  0.88779202419284031
  0.90047989523146121  0.91046371550705973  0.91916861750025558  0.92780822600193658
  0.93680800144865595  0.94557123145125277  0.95385908773078198  0.96263161324460023
  0.97295249028856778  0.98291908958596441  0.99189787623191350  1.00000000000000000
 -0.00122291477693895  0.00524090095639684  0.01096919522738662  0.01655811037276465
  0.02129281467116232  0.02698323015329903  0.03289320423365829  0.03854480592611478
  0.04615010548086121  0.05548979015841908  0.06537896152571974  0.07585914986894518
  0.08601666589059319  0.09552415140761890  0.10437154683430483  0.11343659450273368
  0.12344196829422739  0.13411042477521060  0.14712088096341744  0.16067587621253640
  0.17354624529144586  0.18624394116326423  0.19748466044552729  0.20948891903770850
  0.22212299224100990  0.23626581281301004  0.25142528282159921  0.26669239089648089
  0.28175283432324794  0.29628859141528480  0.31006811864888351  0.32292147684113781
  0.33389312806546911  0.34424433991492637  0.35528659132385965  0.36781027167357577
  0.38052779993280550  0.39187791096545982  0.40207399269747640  0.41150395335372536
  0.42017811038080449  0.43024793391047894  0.44065798916484988  0.45125434212338966
  0.46421919788743388  0.47809806606754318  0.48993243625603161  0.49777609253839689
  0.50381046794955364  0.51033279896179040  0.51712185438983027  0.52532027396688219
  0.53466179363269117  0.54567742476368875  0.55835471151166838  0.57131587330178568
  0.58433599009702952  0.59816629120931197  0.61245665765623281  0.62480982519961392
  0.63272570603336864  0.63958522970860299  0.64702364102857279  0.65436722368932887
  0.66122011279388626  0.66715972185083683  0.67211198599071453  0.67722077455694218
  0.68221226545727987  0.68939602405404110  0.70477181247611020  0.71812059354543178
  0.73256477797398478  0.74595194705428025  0.75877232828857233  0.77007461269389943
  0.78205077650417110  0.79472479324557810  0.80571258943789303  0.81710890881530440
  0.82886482108439707  0.84188494612335396  0.85631390664038964  0.86702614959836843
  0.87677377022065572  0.88621467635173257  0.89505810402211017  0.90381991248627525
  0.91350988189198645  0.92504042620668991  0.93767935251017875  0.95059136969601787
  0.96418766661387179  0.97634590620784278  0.98836244278468799  1.00000000000000000
  0.00032364494587747  0.01423336753975748  0.02728979303873786  0.04046946066153006
  0.05484375501181980  0.07059839616109155  0.08583746755623925  0.09862617841183126
  0.11148528030724589  0.12478418786851452  0.13904196965358567  0.15355661222766470
  0.16664932349416381  0.17702153559845352  0.18536713009892228  0.19413430092453474
  0.20332668856732108  0.21498715410479191  0.22798086001497003  0.24203176179327207
  0.25759424344065174  0.27378578658618180  0.28798852706036454  0.29678274785297792
  0.30397399458420560  0.31240335076336206  0.32020975157168641  0.32771775983734475
  0.33518712115608551  0.34173732036545779  0.34798308925460658  0.35785538254556665
  0.37156794039269780  0.38353009546103201  0.39560892553166893  0.40832230947533854
  0.42042411981922251  0.43219687279808700  0.44563271208169269  0.46287062729077971
  0.48351284181884241  0.50038313078421459  0.51243717162339431  0.52360544793152819
  0.53437793551631774  0.54562148840402247  0.55682109656836598  0.56804089572835514
  0.57870645087392159  0.58861303517582553  0.59685213789063973  0.60435145013549529
  0.61134339097851664  0.61892631036099011  0.62706546058005164  0.63421769570496389
  0.63992252676898864  0.64643629625991661  0.66015248249416636  0.67715228440965147
  0.69166307831702512  0.70612245722959888  0.71459308850754444  0.72283010454630903
  0.73183260617948465  0.74013757120648960  0.74598280512360737  0.75167280546126891
  0.75704687158795081  0.76179972928724149  0.76789256133328221  0.77723408151746465
  0.78778307416316362  0.79896115735141493  0.80967903790945694  0.81925226225367787
  0.82879565845698056  0.83802389720017989  0.84693450460835917  0.85682499468454754
  0.86709161769749188  0.87716906589627663  0.88736043178825241  0.89953332168111855
  0.90792638219312172  0.91658079219773259  0.92429350273889344  0.93135861453301005
  0.93802309521436367  0.94452020266855385  0.95118049225935664  0.96018515846234742
  0.97070712981917728  0.98103724674981940  0.99079980454002281  1.00000000000000000
 -0.00312523333928371  0.01294069810678342  0.02735190560443716  0.04032665075024688
  0.05294526613360362  0.06524133384610396  0.07601970952388250  0.08574776276451991
  0.09484721647475940  0.10371381126373290  0.11315625090130943  0.12329576787644478
  0.13325557055611267  0.14221748567238304  0.15095955204952335  0.15995253216943564
  0.16933792371959447  0.17836523251908301  0.18942844281427845  0.20353419615411869
  0.21897902967298302  0.23154860902294075  0.23851115240975068  0.24613160745310098
  0.25297319067806695  0.26026593196973413  0.26661037396188697  0.27242410317425991
  0.27842669633879236  0.28477612300912886  0.29160119607559898  0.30058698025722069
  0.31109338648235230  0.32063972010473768  0.33126849306402806  0.34212429337181238
  0.35543146506255474  0.36758408843410717  0.37740123001986586  0.38655401476104634
  0.39467042902347388  0.40228260271708571  0.40949058934476551  0.41799965947602696
  0.42805236121429646  0.43743494545117206  0.44648878015276755  0.45495182868275408
  0.46399348891603237  0.47479079400603608  0.48541602059055800  0.49732230037355596
  0.51074037941291162  0.52384670473407324  0.53623828486888414  0.54788953528343076
  0.56094782130006893  0.57466731251595482  0.58799096032298415  0.60058332869004194
  0.61254223276562869  0.62497631714208191  0.63903717324301268  0.65386898505647750
  0.66670108957250429  0.68082649655063110  0.69327576674380920  0.70649958051431938
  0.71954220753860931  0.73165933093107638  0.74555329359814904  0.76212103183897972
  0.78028631025794049  0.79308698295063196  0.80351981680389239  0.81373653177693617
  0.82367728983843846  0.83447133661655470  0.84712336425008750  0.85812952821982180
  0.86714900253427218  0.87527229290308817  0.88391950324513291  0.89389514207808751
  0.90449506346151887  0.91437460218300337  0.92443687719341849  0.93697125225210498
  0.95089283651439860  0.96085319522716994  0.96672754848938136  0.97241642605156420
  0.97942352898160556  0.98669905242321765  0.99355304800639455  1.00000000000000000
 -0.00227212081839401  0.01567471347519071  0.02578122328682190  0.03483655533570472
  0.04451979439459405  0.05801137694765787  0.07573396709226618  0.09459658970746362
  0.11032922008061054  0.11990269440101957  0.12755762219527270  0.13365449545110006
  0.14166027202293210  0.14988507968149492  0.15694424769712570  0.16320551825660604
  0.17002829403913641  0.17841091019329824  0.18788535758883251  0.19863106710166983
  0.20884365921167528  0.21753813401538780  0.22594930231855626  0.23581684976378370
  0.24711831731770853  0.25885633666277907  0.27100552010185791  0.28260976460416626
  0.29408997952357713  0.30815543130624012  0.32142867959399823  0.33295989209639471
  0.34359506104127635  0.35417682587707949  0.36541640034523870  0.37700052106882359
  0.39130186041956655  0.40519404910127144  0.41952970405741602  0.43311305099418262
  0.44696468072270396  0.46032985455787834  0.47328208088531293  0.48568399834451070
  0.49803554265998518  0.50870360066972797  0.51790860560643681  0.52565646766045449
  0.53261893544368311  0.54280174946480442  0.55765242396078607  0.57035277063033163
  0.58367330306575294  0.59699478786725391  0.61024432422932828  0.62246947161747002
  0.63427739458086330  0.64613793570739764  0.65930901302483191  0.67243631654415748
  0.68416185721244993  0.69608515058854870  0.70802396243924837  0.71910834474045127
  0.72938179404288639  0.73936024326883776  0.74885789236951128  0.75867771206733214
  0.76812106795145185  0.77813456331323871  0.78919257877061921  0.80006775728839274
  0.80934068931214376  0.81755520747719135  0.82564693082075491  0.83426732800590275
  0.84406481954989621  0.85552231214713237  0.87000664739903011  0.88231828836123283
  0.89347700647896255  0.90427374706939712  0.91471115363542010  0.92576586452480680
  0.93641387699020540  0.94290299011051160  0.94787972375301943  0.95328584099383473
  0.95930968678324835  0.96624639660094513  0.97286574499389600  0.97975908821295143
  0.98608072870638808  0.99126445483993797  0.99594807569978105  1.00000000000000000
  0.02475231755683510  0.11970763606252449  0.15427307285975253  0.17409201315314371
  0.19085979542504825  0.20698875439540337  0.21981747193839846  0.22981577463788744
  0.23879624364046839  0.24956491814030970  0.26383810269165642  0.27583889588530885
  0.28395368193109732  0.29196630736203988  0.30193333738545025  0.31056722024906530
  0.31753461289390589  0.32438400775698889  0.33240461081446354  0.34270717029102410
  0.34903991064399720  0.35520289835779156  0.36114995588714244  0.36927574768604410
  0.37942465273695958  0.39071839327226171  0.40175580200601252  0.41295889557503102
  0.42499841599501909  0.43618634311011756  0.44462427482247935  0.45156775948305350
  0.45734490433115244  0.46265982533677380  0.46824956681137259  0.47496439852879563
  0.48176554574980718  0.48779299842888657  0.49403464878257841  0.50258677501937055
  0.51433075983367893  0.52485289293111148  0.53469047211591603  0.54394972440404643
  0.55225226093142166  0.56035862738907605  0.56878809505826955  0.57851405443519843
  0.58829889349230369  0.59745367853669429  0.60526321491191926  0.61201846309798413
  0.61829215223118994  0.62443263299247520  0.63231538266152398  0.64048172892713096
  0.64846466363400324  0.65629702969469383  0.66443677386651523  0.67272615483042741
  0.68102642330145480  0.68898881717503080  0.69475985505261961  0.70011184984060393
  0.70542148727426679  0.71122233432269100  0.71787682484714710  0.72525695879567498
  0.73229959946890966  0.73840607826510585  0.74416821871195016  0.74999407787113181
  0.75594095888238821  0.76193389668247824  0.76901981739276948  0.77616862691307431
  0.78352242618260448  0.79104104673533271  0.79871970752012600  0.80452847329031063
  0.80951687782155868  0.81455818834752214  0.81975467665308299  0.82553052109419911
  0.83134798855470637  0.83752792744191218  0.84624604609987386  0.85387084316250383
  0.86136130252739995  0.86916364405188185  0.87723649207591059  0.88589131140229826
  0.90214769978647857  0.92688434595690317  0.94047554301740532  1.00000000000000000
   1.2300728558574539E-011  -1.0000000000000000     
 F F F F F F F F F F F F F F F F F F F F F F F F F F F F F F F F F F F F F F F F F F F F F F F F F F F F F F F F F F F F F F F F
  <DiscreteSampler_grid>
  grouped_processes
  1 # 1 for a reference and 2 for a running grid.
  10 # Attribute 'min_bin_probing_points' of the grid.
  1 # Attribute 'grid_mode' of the grid. 1=='default',2=='initialization'
  0.0000000000000000 # Attribute 'small_contrib_threshold' of the grid.
  0.5000000000000000 # Attribute 'damping_power' of the grid.
 # binID   n_entries weight   weight_sqr   abs_weight
    10   10   2.216932415907495E-001   7.436894084849179E-002   2.216932415907495E-001
    11   10   2.216932415907495E-001   7.436894084849179E-002   2.216932415907495E-001
  </DiscreteSampler_grid>
