 -0.01787860929436639  0.16313646048580996  0.25744015584545066  0.33303629437613297
  0.39777028220851485  0.45529194282615926  0.50699768168973292  0.55434023344209771
  0.59843412202864477  0.63824618796796495  0.67537892742665340  0.70969871202972545
  0.74089425730325864  0.76939501310577962  0.79467123846867971  0.81793109700744593
  0.83877113202727294  0.85770125064978875  0.87440118419311463  0.88958157276320238
  0.90301557736784055  0.91478105783301278  0.92466801523095599  0.93374614620042984
  0.94125398709813834  0.94763686946634629  0.95350453493796561  0.95823897369291089
  0.96073453150542709  0.96291320521477652  0.96506674468217890  0.96712185087160463
  0.96906704216147022  0.97091876198756855  0.97267373318473871  0.97434241294627300
  0.97592381404629358  0.97741115804427625  0.97879917784938919  0.98002513227646459
  0.98111790789068343  0.98216927969664358  0.98315256166816034  0.98408826336728661
  0.98498588316267477  0.98584708734608606  0.98665946989782061  0.98741886553364921
  0.98813977498205219  0.98882519267440838  0.98946634701081526  0.99005406869314472
  0.99061488030966838  0.99113391373269100  0.99161599322543947  0.99208224093966979
  0.99249754971926996  0.99289752618553895  0.99327501815417751  0.99360523299882719
  0.99393083305688756  0.99424012904615067  0.99451995919742875  0.99478403967345541
  0.99504348824136635  0.99529918919150351  0.99551560656449023  0.99571661621789986
  0.99590651439832567  0.99609286989871049  0.99627564687343784  0.99644677883448673
  0.99661184214509757  0.99673063271622842  0.99684862670314789  0.99696500860730397
  0.99707827262873838  0.99718916556178616  0.99729518023951680  0.99739927978105247
  0.99750155703819166  0.99760321849802869  0.99768715796957330  0.99776452614287903
  0.99783239413696256  0.99789654372934944  0.99796009112350026  0.99802343392784476
  0.99808432734876451  0.99814439998880977  0.99820241063124160  0.99825927579222784
  0.99830418810117205  0.99833245364607337  0.99835714170819423  1.00000000000000000
 -0.00168199267751159  0.00714681606066193  0.01521023458179309  0.02388294108068538
  0.03187691023122186  0.04000504752110563  0.04924416804895326  0.05859679774706252
  0.06821800406441728  0.07859467843381324  0.09067639504185399  0.10367148212563453
  0.11823521736934849  0.13264869430827392  0.14533280741281940  0.15708650148923667
  0.16828960769174214  0.17893190636435499  0.18915686768997317  0.20005443796984620
  0.21060507370605655  0.22004733709726559  0.23023039230933903  0.24004356362614809
  0.24976603713066556  0.25962515233898126  0.26962056656675837  0.27999619447295693
  0.29035425126197140  0.30088445967314598  0.31139506803940881  0.32140409159258787
  0.33144349675363877  0.34180989317880817  0.35152885545764712  0.36142887281832076
  0.37162014504475682  0.38114413381547385  0.39026891250608681  0.39960447084597683
  0.40859620553231690  0.41723513205140556  0.42520685352802057  0.43285306313294836
  0.44431093189300813  0.45993026127158360  0.47411351705357468  0.48534811477465528
  0.49527055969081712  0.50500905039047828  0.51488817148608867  0.52583763117532545
  0.53821005606475847  0.55034958991632321  0.56300242059033334  0.57526109159928662
  0.58758462849985882  0.60010023566227777  0.61200183753803561  0.62361871444442385
  0.63461145854177203  0.64538985618827405  0.65594789437151368  0.66621262875967258
  0.67639216021285231  0.68605777018652259  0.69447270786263871  0.70317719233385445
  0.71284159280878812  0.72257195163729826  0.73188161902375914  0.74128021640171871
  0.75093772397789382  0.76561100827875916  0.77825854363371783  0.79054706280547749
  0.79949386563063796  0.80832680763989584  0.81770504380609688  0.82724953147749514
  0.83751339006200176  0.84695912908649340  0.85636136759928427  0.86713093571423527
  0.87851280128193476  0.89004981045134934  0.90150342454957788  0.91236686454604310
  0.92276469412291251  0.93287131408889479  0.94261362831580675  0.95225652466081145
  0.96257442338707844  0.97497801984642840  0.98755137067418064  1.00000000000000000
 -0.00151494552188167  0.00646429311050546  0.01378056592250894  0.02222845774925101
  0.03081960870316251  0.03877091663509456  0.04775654502267011  0.05769164489474447
  0.06761401018711777  0.07659681080270793  0.08642922676000436  0.09766258400964181
  0.10986860717845943  0.12284514667322362  0.13598953653231383  0.14852951666438696
  0.15981058867867337  0.16969342524920811  0.17880908782676741  0.18802606497483856
  0.19718480744581449  0.20683791577398558  0.21819027320528114  0.23089767017645221
  0.24408217161078941  0.25632547460671951  0.26771235997085202  0.27870537608201740
  0.28906922756208769  0.29897979611875403  0.30902949671079638  0.31934035504732639
  0.32919052380564146  0.33870621604537959  0.34828895337281907  0.35729494661437528
  0.36538635941823810  0.37619504312780505  0.38898199208164597  0.40206796657524285
  0.41571094747662185  0.43068511583951213  0.44625944940323881  0.45973107055109530
  0.46965422515970423  0.48002328233022168  0.49073334731342610  0.50122679187677188
  0.51085625061166873  0.52031461389004141  0.53084648387811351  0.54195895699294439
  0.55367001764372670  0.56560469331670971  0.57803987701320014  0.58967791167151506
  0.60199171496726966  0.61373217889304377  0.62444933562345040  0.63385385771888603
  0.64253521980679285  0.65152554086576320  0.66029856530674891  0.66848862220809990
  0.67666986545342889  0.68511998016382736  0.69442326810512711  0.70411111700032358
  0.71411333693963153  0.72525116963023351  0.73733552041227934  0.74934093630873277
  0.76029857440907278  0.77124136470145910  0.78140384729818146  0.79067576667449546
  0.79965656220424663  0.80876772305278288  0.81839798756894866  0.82847048153418501
  0.83897028906339055  0.84972574518898147  0.86013883619610676  0.87056679175802365
  0.88202903343111017  0.89290015732590089  0.90231531354385208  0.91097949294422520
  0.92013608425595927  0.93050153433818739  0.94122281037281075  0.95204724195340851
  0.96417546279036481  0.97699642088909255  0.98878743320590357  1.00000000000000000
  0.00634711760270214  0.01534835546879634  0.02604893397538218  0.03675628879910826
  0.04579014592261454  0.05447406759845359  0.06334139677968073  0.07210564397873272
  0.08094333462338835  0.08926171540175253  0.09687415671289906  0.10487670058634810
  0.11502821322282723  0.12579811008469666  0.13616388233249196  0.14612918912214404
  0.15555416339373396  0.16565056331939570  0.17714201432128854  0.18916772602892465
  0.20065076978011784  0.21158366042883384  0.22280236897184708  0.23453731670906658
  0.24645136090660161  0.25747637373349708  0.26788303567601551  0.27895334860904714
  0.29051654237952912  0.30163578918857037  0.31219418069615534  0.32480967292527713
  0.33726651904128035  0.34846509988525204  0.35950584831232107  0.37137292744201361
  0.38267185654107549  0.39267644391223461  0.40482577790545338  0.41884204040544526
  0.43172154744229013  0.44435143930578741  0.45736010861152249  0.47059581135886042
  0.48569766149588023  0.50204295121868436  0.51517064629325238  0.52723424073520242
  0.53968338032033569  0.55094254998749403  0.56289719272026217  0.57679645754434350
  0.59064544153206866  0.60326789960867377  0.61474306407282908  0.62577278561856353
  0.63726187448711868  0.64820617884637299  0.65785402446864316  0.66736216926144531
  0.67784153196593833  0.68851771269559581  0.69836056103982547  0.70904599865717288
  0.72166961346890068  0.73420704465664011  0.74437234576179212  0.75431165035374115
  0.76418532492337887  0.77417580899306337  0.78489826747231317  0.79520223764639186
  0.80500951313109337  0.81490988638234396  0.82472501142532095  0.83385780435000956
  0.84234287947793196  0.85008360961314089  0.85765692426006834  0.86518266232807373
  0.87268927420103903  0.88050453478049573  0.88823207788131986  0.89661362781784815
  0.90689384488616953  0.91710514283725186  0.92585569330058803  0.93364736833113382
  0.94193771872172627  0.94993468326601749  0.95791192571594430  0.96690849541269808
  0.97597958770848936  0.98426197954110894  0.99216510902632216  1.00000000000000000
 -0.00182989076964174  0.00746711068777662  0.01490206336826861  0.02222803092572357
  0.02997131806254874  0.03830816830203165  0.04763710475608771  0.05771032448498786
  0.06703935267211218  0.07554903830601918  0.08457097870771314  0.09479678295456254
  0.10519271441637401  0.11424564469725224  0.12288879073344824  0.13214700102162849
  0.14233166508661299  0.15307816825852161  0.16433345448409284  0.17534519813207777
  0.18791513886931049  0.19967158299568968  0.21046423790681321  0.22089905443527183
  0.23241521345125768  0.24583863441820764  0.25803515552582951  0.27012824325547019
  0.28221305204803349  0.29449947810558241  0.30611222252523118  0.31739531612051564
  0.32880818470939110  0.34024964472633323  0.35195683626667629  0.36435506887905705
  0.37648565512160981  0.38664570087851902  0.39721835332955513  0.40789496612053849
  0.41949452513093782  0.43084519291841755  0.44139106951712936  0.45170184707878069
  0.46251149306098488  0.47417782650219942  0.48676860082076251  0.49949862040662857
  0.51182803352427098  0.52497994332660880  0.53936148632280811  0.55347671071483506
  0.56620280339444395  0.57830883373768815  0.59053861327003732  0.60281418289177091
  0.61628639982514755  0.62977252813564732  0.64207658725398864  0.65400016446243048
  0.66575062563369647  0.67370966605326610  0.68230535325571007  0.69036463556265737
  0.69804948809175893  0.70558244831127881  0.71319859100466987  0.72109761114504445
  0.72913807731106373  0.73867335080124097  0.74834534416455334  0.75768399840051393
  0.76689828617550837  0.77658307188661735  0.78698968466885677  0.79684316918200138
  0.80663142345615890  0.81546915584895308  0.82313256974654347  0.83100528098897219
  0.83941317890500089  0.84788781352653486  0.85618687998494913  0.86450493465200540
  0.87356006206533221  0.88451907324432366  0.89632694626339748  0.90870408709233208
  0.92174461322897361  0.93535640032153800  0.94907503561958018  0.96186332289968635
  0.97283060230363116  0.98227755275818540  0.99127634423051703  1.00000000000000000
 -0.00376952191777738  0.01639999115986421  0.03101428746956646  0.04481842701030857
  0.05724447902435337  0.07011812067095545  0.08200944982364522  0.09297447507044275
  0.10373625506966835  0.11467401867156404  0.12561104056450539  0.13517920388886409
  0.14517069855362688  0.15729382194139524  0.16941889833386933  0.18134465065980845
  0.19172132508448772  0.20207756701117649  0.21179563981802024  0.22052867333743797
  0.22891650557870841  0.23701988267001836  0.24498581537440484  0.25333941810318772
  0.26228106939182538  0.27193168455640554  0.28421145612407794  0.29809959756036358
  0.31213083941399900  0.32293557462634020  0.33353688607595794  0.34445856304780625
  0.35634196973153975  0.36807713659051833  0.37912457527133303  0.39072314368160665
  0.40211715709994111  0.41374047570223660  0.42574692620420057  0.43641910152188201
  0.44510598473868263  0.45346966673491451  0.46250730555179642  0.47156678862799978
  0.48046671903207211  0.48967932749517745  0.49965791783105806  0.51235585978768339
  0.52667717149280957  0.54212565724756356  0.55571893789947457  0.56698154938937972
  0.57824810437254448  0.58899568964723203  0.59976835998114586  0.61147669461180987
  0.62329195849892638  0.63417077458943916  0.64436859889004761  0.65457824366218043
  0.66544574204467055  0.67862614776023067  0.69410317222900542  0.70852385759068404
  0.72144554894476165  0.73341891682148963  0.74438653441069857  0.75565519713426688
  0.76724491240827575  0.77857695098443225  0.78918089591624607  0.79970206298088031
  0.81010658457835250  0.81845738390624534  0.82642350049994717  0.83362889633979764
  0.84172280924250942  0.85010461279950833  0.85831175917298930  0.86579067329138659
  0.87333174916201550  0.88262658894926971  0.89323990648765417  0.90277763674221201
  0.91227987736156102  0.92125817513553188  0.93019279990006198  0.93930909958333331
  0.94791758088865374  0.95594533935737735  0.96403176997460371  0.97226450464412373
  0.98004612304452310  0.98707771315794612  0.99367997599073621  1.00000000000000000
  0.04510657617365551  0.09811667778244390  0.14323058545068998  0.17151728338658645
  0.19133935555748655  0.20809073281963256  0.22349883345137106  0.23921060916566661
  0.25389048511781709  0.26734246520576738  0.28040188705398050  0.29343275122608903
  0.30559152363909647  0.31732386240548727  0.32912779469129971  0.34110464536752794
  0.35330892676549724  0.36491820489190085  0.37579866687909907  0.38537867913841461
  0.39452830148551021  0.40380908024768608  0.41284826344209813  0.42193338087928445
  0.43133413499898238  0.44180208514887037  0.45334357225598920  0.46475988703777577
  0.47527188680034471  0.48450091967538561  0.49257387597868563  0.50042981291106026
  0.50828408847547246  0.51620491476436037  0.52353533285789144  0.53016942708829529
  0.53669265061703453  0.54364416869010135  0.55061262337480832  0.55772090485375392
  0.56454670747033475  0.57082952803716525  0.57688354164513178  0.58268534374574810
  0.59005590612702463  0.59721585366097052  0.60419313517510986  0.61059896085711074
  0.61701631196365814  0.62351044584729065  0.62956155900664668  0.63555067205946769
  0.64147947654409421  0.64757262106063329  0.65354341970299934  0.65923568070040750
  0.66506199874591698  0.67117322466251361  0.67809101217985013  0.68354573672585972
  0.68873758717584599  0.69436749271088116  0.70007036122346367  0.70686249599221085
  0.71410027751768734  0.72120654263952688  0.72783408414036821  0.73397854952227082
  0.73975588021077521  0.74554853451587455  0.75151659453320130  0.75757757756755562
  0.76376826779816487  0.77020189145598561  0.77668939473147325  0.78333432575640238
  0.78832078022873764  0.79403012734178202  0.80009534945071104  0.80622785925750906
  0.81274309596343075  0.81963153287818824  0.82664353737927443  0.83375428704351195
  0.84204241299551663  0.85049746747230182  0.85708615678053590  0.86395108900419504
  0.87196170669990913  0.88186742400474794  0.89277595076711613  0.90372408339292520
  0.91531091909900253  0.92817328396587584  0.95606106172166749  1.00000000000000000
   1.6074358866042522E-012  -1.0000000000000000     
 F F F F F F F F F F F F F F F F F F F F F F F F F F F F F F F F F F F F F F F F F F F F F F F F F F F F F F F F F F F F F F F F
  <DiscreteSampler_grid>
  grouped_processes
  1 # 1 for a reference and 2 for a running grid.
  10 # Attribute 'min_bin_probing_points' of the grid.
  1 # Attribute 'grid_mode' of the grid. 1=='default',2=='initialization'
  0.0000000000000000 # Attribute 'small_contrib_threshold' of the grid.
  0.5000000000000000 # Attribute 'damping_power' of the grid.
 # binID   n_entries weight   weight_sqr   abs_weight
    10   10   4.605736704066430E-001   2.793830945535088E-001   4.605736704066430E-001
    11   10   4.605736704066430E-001   2.793830945535088E-001   4.605736704066430E-001
  </DiscreteSampler_grid>
