 -0.01811460610263969  0.16181854603866758  0.25513841329105108  0.32990825874511720
  0.39372630789008833  0.45137138428034113  0.50324579969872874  0.55068122929066654
  0.59376394587226211  0.63257058476276506  0.66854310327622257  0.70201934129098786
  0.73298997975559610  0.76171480316607509  0.78752290527810176  0.81138262911182968
  0.83264471435613885  0.85197502389591673  0.86869151472682349  0.88382690524919783
  0.89731420570183751  0.90902866338835364  0.91948837997343735  0.92833137680751965
  0.93668471077923732  0.94317702012514470  0.94920765867355350  0.95478518141398239
  0.95895816776749387  0.96124470506354354  0.96348546420791326  0.96558740440814639
  0.96758137697961000  0.96949523402122795  0.97132202578005289  0.97304749398011792
  0.97469790506341414  0.97625767898812987  0.97773070097583192  0.97908801282530677
  0.98026692495100554  0.98133720793510182  0.98236022453297356  0.98334269597977764
  0.98428169486563100  0.98516541036220584  0.98599613544940856  0.98677967557603463
  0.98751918076398415  0.98821429135028338  0.98886498080365770  0.98949240999237342
  0.99007080665422109  0.99060918749909299  0.99111385988118106  0.99158867073660772
  0.99203072120050817  0.99245156153099368  0.99284798092235937  0.99322141359945959
  0.99356949358457536  0.99390319791726978  0.99421857705939820  0.99450130480818055
  0.99477837756817278  0.99504499276624070  0.99528613730788806  0.99549635399109226
  0.99569186016130029  0.99588157617322592  0.99606946209753833  0.99625438285836265
  0.99641435318265403  0.99656153364995659  0.99668948069613239  0.99681516907652246
  0.99693700767799742  0.99705620284131447  0.99717030053095534  0.99728229719316863
  0.99739101497748694  0.99749597519613775  0.99759373901270942  0.99768441077249803
  0.99775762452409733  0.99783078716095919  0.99790376410739878  0.99797604686700492
  0.99804392304947842  0.99811179923195192  0.99817695078947433  0.99824179977302341
  0.99829155609082809  0.99832943565273624  0.99836249220039797  1.00000000000000000
 -0.00283577969493601  0.01087245102268722  0.02203419967789367  0.03353490961585293
  0.04493670946968917  0.05713927428099962  0.06871254576876136  0.07956221287016202
  0.08992279486505805  0.09974622561352489  0.10951607414099664  0.11960467023547311
  0.13026873171274403  0.14094367415346287  0.15253127565875124  0.16462077521510485
  0.17625572288453112  0.18708875220935051  0.19744199984370556  0.20763915912351913
  0.21782249713907756  0.22869580183225444  0.24046357919689104  0.25246042061668955
  0.26420909983173962  0.27454731659397419  0.28301907152151579  0.29185604655667086
  0.30100180703954815  0.31053149873331060  0.31997468020816439  0.32917616737362387
  0.33855976796900711  0.34843936674855519  0.35842043456670314  0.36813082798371660
  0.37816890189644525  0.38877119776009406  0.40051188633466378  0.41401975714107137
  0.42807761111493925  0.44102195089862750  0.45220119771559314  0.46199325425789073
  0.47118958709615300  0.48000018276952344  0.48810286405807657  0.49597224293820652
  0.50441783973702858  0.51366932466776827  0.52357286815166537  0.53359677311927356
  0.54408612423766822  0.55646972579843978  0.56960071536189993  0.58150827915071812
  0.59420432384289679  0.60755807034186537  0.62053034451748690  0.63340183098398140
  0.64612765155871243  0.65826726839895888  0.67049860229874170  0.68285606835137369
  0.69557644369813132  0.70827928417754582  0.72040569652672348  0.73103484050055656
  0.73947560489833286  0.74695318548776268  0.75425239803692190  0.76181730903771350
  0.76998912787107987  0.77772758273030762  0.78521871800475107  0.79294843493053802
  0.80127222809661947  0.81075565888265677  0.82018134916801155  0.82899760237948350
  0.83850085204152636  0.84821207648385577  0.85860777019211565  0.87055870115302081
  0.88184861926628133  0.89249069276804371  0.90246198573801173  0.91181322496071104
  0.92183498198337410  0.93271900415172271  0.94233554762147209  0.95112223935255313
  0.96057739688155541  0.97266246744210538  0.98633784091737697  1.00000000000000000
 -0.00191015668164768  0.00843509451927761  0.01671017992690722  0.02538853180048496
  0.03438690367911947  0.04311208166975412  0.05162415256315151  0.06007700890574911
  0.06970363420733848  0.08070795031291304  0.09098069322443497  0.10025525375721438
  0.10912117185877859  0.11771417279228202  0.12635693859171829  0.13547893580001732
  0.14455167829172536  0.15555198025157077  0.16611336575095614  0.17622870060267626
  0.18627643087193263  0.19684050959086807  0.20698795255008356  0.21687494505087809
  0.22742392127276401  0.23945488063124332  0.25253448936941547  0.26559623231173846
  0.27757901126246337  0.28930781417591150  0.30052872555247268  0.31158170590575346
  0.32256675442120908  0.33319676678611915  0.34354495505421884  0.35375275099173525
  0.36409501371980807  0.37416146634872571  0.38410277510841279  0.39383740075121970
  0.40335938328388948  0.41308247848407292  0.42275972493626268  0.43216682895042374
  0.44138542880046855  0.45104456018915889  0.46111047329996369  0.47156260020399549
  0.48191556659830637  0.49267395854997909  0.50376331262514584  0.51413855541810793
  0.52470131476599335  0.53380168634758363  0.54358789808217145  0.55416231936049154
  0.56517897131332140  0.57678335972759431  0.58751583939979946  0.60167084897710654
  0.61236414839459175  0.62313520032491854  0.63456407604611298  0.64563943758781539
  0.65585056814946263  0.66563721816485022  0.67606300790385754  0.68662077903477481
  0.69600669957199068  0.70539656569405984  0.71550440358484768  0.72646199255095101
  0.73868323130320757  0.75055857965237383  0.76214354322780320  0.77314026477467901
  0.78337718970556303  0.79340102128550039  0.80361546669515793  0.81402550939205243
  0.82498800677608519  0.83627330489934082  0.84809313651832552  0.85943670906861447
  0.87055234564744388  0.88125638958510244  0.89277807100356066  0.90576532648087915
  0.91890576598013052  0.93137563932148637  0.94377347851586013  0.95629971901577493
  0.96835874509377695  0.97943088292401337  0.98979297359146301  1.00000000000000000
  0.00632502313363250  0.01338198590620618  0.02274474357206820  0.03387996008137460
  0.04518825389897729  0.05462734029390370  0.06416549262549713  0.07318555061587853
  0.08184726448839207  0.09097552493657106  0.10001232672584595  0.11000697050681198
  0.12096976717213914  0.13201450528223990  0.14243391597752275  0.15258558531777228
  0.16305511271930523  0.17550345416272556  0.18917296556868568  0.20284925003864093
  0.21576061567805163  0.22803795661077123  0.24061291591666800  0.25215743827401488
  0.26221552329282716  0.27230344833899167  0.28341697913239933  0.29352253944002976
  0.30385183570786817  0.31413490030027502  0.32636125965198098  0.33889112178599801
  0.35093546380569623  0.36313139989712417  0.37627322582723960  0.38915300527241403
  0.40263599612325607  0.41705272311036001  0.43093491684909535  0.44417772534192262
  0.45784262591701091  0.47189917004987147  0.48526334137821048  0.49839022342872158
  0.51193253628005186  0.52509828131284808  0.53713798374463928  0.54861687265836956
  0.55994959675657752  0.57111080240027245  0.58234644704404426  0.59326612493531972
  0.60422025588153594  0.61554429433342028  0.62753356462660259  0.63939730773161629
  0.64939973995276778  0.65780282749034402  0.66621678470414325  0.67531296047409006
  0.68412494332210716  0.69351879634350699  0.70272707380343302  0.71214541516497343
  0.72387889752683310  0.73549728110014956  0.74757844024192333  0.75873358379330669
  0.76918313640266900  0.77983835850169236  0.79085033464269816  0.80180320600377486
  0.81181810059316195  0.82192007710559611  0.83209309427254619  0.84249945475215171
  0.85253611412574315  0.86077900562281917  0.86814661527417514  0.87558247822405433
  0.88278473024649251  0.89044450331294733  0.89776325774691068  0.90485188823542306
  0.91167367383432585  0.91957926806601309  0.92815019781747743  0.93669274638213784
  0.94508299335044399  0.95333678922585641  0.96147856269626986  0.97013518573802715
  0.97847977181787016  0.98612903417995190  0.99322473544339140  1.00000000000000000
 -0.00273372278565893  0.00958306692847925  0.01996480226131835  0.03022334153337859
  0.04037268058409313  0.05002403187380260  0.05968186661504499  0.06929351292520865
  0.07854051963417032  0.08805449168908579  0.09679101579165841  0.10671538980901205
  0.11869689194313134  0.12874857741378662  0.13784468967283406  0.14718263369168752
  0.15639812191682817  0.16628401776798446  0.17533827474348757  0.18414802634436347
  0.19318722593614249  0.20347097997698138  0.21410394093842014  0.22520968008140382
  0.23599739394793984  0.24663982108705426  0.25715802033004331  0.26749059022820426
  0.27776377333271296  0.28880841909083105  0.29927941917932677  0.31115632775685226
  0.32391396063884048  0.33764862133785867  0.34983286186631279  0.36103391111942040
  0.37200647867171321  0.38043831702458025  0.38912201381973094  0.39827872707857498
  0.40725416784253304  0.41704841869135428  0.42690759565106273  0.43661591150602963
  0.44643183638904610  0.45574472701250562  0.46565485726908601  0.47615802334503454
  0.48736245241456455  0.49817359857213511  0.50919995506380544  0.52123442001161568
  0.53286374288330585  0.54571071458009479  0.55641827268355892  0.56951150828020636
  0.58314194987494383  0.59654104816778486  0.60917335128367833  0.62083853907803976
  0.63184297039868842  0.64272626829799828  0.65378399355639394  0.66487571461132910
  0.67610027149826990  0.68738624248254132  0.69734927629663945  0.70675520697017857
  0.71612860965362668  0.72580921618290506  0.73556338340570482  0.74540223857635113
  0.75538589571424308  0.76597030418683609  0.77728350248159916  0.78842213906491521
  0.79759518984507571  0.80611629199699419  0.81582998467220369  0.82527727631781045
  0.83381775712730388  0.84272453384035917  0.85254979690594901  0.86337700013104568
  0.87340224632117414  0.88354444801753018  0.89402208471003652  0.90420164783393353
  0.91413610651036492  0.92490703267373320  0.93602619758158634  0.94707941956585806
  0.95895044949542108  0.97224771514266617  0.98659198815168103  1.00000000000000000
 -0.00219394588014260  0.01325822251246202  0.02602429772390574  0.03716053283099465
  0.04829930188096383  0.05861259859918395  0.06883147257175982  0.07903809843372811
  0.08934708939560061  0.09967486623384658  0.11005688292030234  0.12089929315096645
  0.13087973848179515  0.14081638523430290  0.15074032572713403  0.16034582952673415
  0.17045534611743016  0.18135057858832582  0.19309365530081826  0.20642522257958021
  0.21913329371324899  0.23128098046914411  0.24349153391746012  0.25557248225771334
  0.26699343226888500  0.27779023532328462  0.28864553354997385  0.30002021575646193
  0.31070421042737445  0.32022052819174557  0.32954202814804695  0.33915442011888053
  0.34908829081688347  0.35885587407748365  0.36908584117409149  0.38102143918912962
  0.39250593626815183  0.40376242203684326  0.41464178612047065  0.42556451283685093
  0.43657533934729748  0.44794885966590869  0.45845252739417763  0.46807917985311576
  0.47805279256758521  0.48901660180255219  0.50068944873442456  0.51227822011597679
  0.52498834968097718  0.53890641204270873  0.55167693946539165  0.56286501799777477
  0.57310436230635775  0.58276525467536422  0.59180135060029948  0.60064614501805969
  0.60953447339460176  0.61772829279581654  0.62571231820834361  0.63378348158787134
  0.64160821851644900  0.65124634418863714  0.66229820608387246  0.67371084570820650
  0.68535023159134822  0.69709733473149249  0.70913019775095643  0.72139432118685842
  0.73329111873413844  0.74449466770925887  0.75542011967291933  0.76630312847050386
  0.77742754333022834  0.78920352517401759  0.80089636790924734  0.81236663655563446
  0.82198095974547158  0.83122072890672671  0.84010684566287885  0.84891503668834822
  0.85781989585987151  0.86716169158512191  0.87686902061387773  0.88635122194068383
  0.89555105322954554  0.90470747459279044  0.91401027121143885  0.92334866483485223
  0.93263206295318712  0.94249915806014384  0.95335468097406573  0.96457275803134113
  0.97502056438180007  0.98417710859086016  0.99239093795211464  1.00000000000000000
  0.00993486661547113  0.12896974193001390  0.17035227898635449  0.19525755935765041
  0.21601726003617247  0.23408150187906307  0.25163102200522491  0.26744918349851304
  0.28190709399093794  0.29519493196470437  0.30776758162485507  0.32053672231124108
  0.33254420556761666  0.34543296556192560  0.35812527714041575  0.37074989381453965
  0.38325403248447848  0.39522416485607054  0.40536240987977945  0.41473756138564749
  0.42404097201205271  0.43331236708481874  0.44217361592047777  0.45077662220792875
  0.45986241150583179  0.47022669852985549  0.48016248933071765  0.48951146800564765
  0.49911446196148085  0.50700077106552888  0.51455973376261765  0.52233009318786805
  0.53030853888741225  0.53794894008319716  0.54527837370495635  0.55258926669331221
  0.56015479639849741  0.56867018736486774  0.57774528213647947  0.58661495443134315
  0.59507536271679629  0.60280965502642891  0.60971552118985550  0.61634123247321049
  0.62307277707552899  0.63031238503445286  0.63785231148238064  0.64499039499947186
  0.65244437717787407  0.66011477105507443  0.66732493918210245  0.67416218120319549
  0.68116622544198069  0.68778976012115856  0.69422869638407814  0.70072279086649525
  0.70724616994280476  0.71379212960311611  0.72045948147763628  0.72689768790110587
  0.73328107422250777  0.74037659255429844  0.74679739470817397  0.75242011926591001
  0.75746990171297024  0.76201461967130912  0.76637121695016108  0.77086625272188836
  0.77557342897981552  0.78054823032975862  0.78552254389262433  0.79010305170151374
  0.79468608356078807  0.79921143867721278  0.80345142220362575  0.80758215835311942
  0.81197468956681451  0.81648839261266914  0.82095799961755300  0.82558170970436306
  0.83019043528311454  0.83474157028979168  0.83966857342049339  0.84491015211184850
  0.84994620906553509  0.85480979564039250  0.85976229117440073  0.86496161001097904
  0.87025443092128096  0.87556756697302218  0.88300063843164689  0.89090391378476297
  0.90103045678938043  0.91743456817347202  0.94426575761786025  1.00000000000000000
   1.4909818611888148E-012  -1.0000000000000000     
 F F F F F F F F F F F F F F F F F F F F F F F F F F F F F F F F F F F F F F F F F F F F F F F F F F F F F F F F F F F F F F F F
  <DiscreteSampler_grid>
  grouped_processes
  1 # 1 for a reference and 2 for a running grid.
  10 # Attribute 'min_bin_probing_points' of the grid.
  1 # Attribute 'grid_mode' of the grid. 1=='default',2=='initialization'
  0.0000000000000000 # Attribute 'small_contrib_threshold' of the grid.
  0.5000000000000000 # Attribute 'damping_power' of the grid.
 # binID   n_entries weight   weight_sqr   abs_weight
    10   10   1.358639104568461E-001   4.261313556647016E-002   1.358639104568461E-001
    11   10   1.358639104568461E-001   4.261313556647016E-002   1.358639104568461E-001
  </DiscreteSampler_grid>
