 -0.01808979285105694  0.16373492506186110  0.25805486845897507  0.33336275481020750
  0.39875570949125433  0.45745352255062338  0.51025877094707195  0.55818665715495230
  0.60210367209688276  0.64242509003443227  0.67967020770813624  0.71377449433268247
  0.74475944325653276  0.77332568142086300  0.79934592533897686  0.82294127239110060
  0.84396342438428162  0.86278691018830656  0.87943600626641405  0.89395773785150412
  0.90686349713082059  0.91829262553290092  0.92784912585037815  0.93632415058600471
  0.94329038538602761  0.94945845304302023  0.95549696144536933  0.95931348395311100
  0.96147404601121844  0.96363528910073093  0.96569531323075597  0.96766777732324061
  0.96954039810571602  0.97133064911039357  0.97303961786098780  0.97465972430787373
  0.97619049528394264  0.97763313172287958  0.97898600911586275  0.98014918856447697
  0.98121515745076249  0.98223335883980234  0.98319989229521410  0.98411574833279769
  0.98499171729255774  0.98582901044961146  0.98662303603776846  0.98737411292813337
  0.98808449424676847  0.98875208315756047  0.98936126860994567  0.98994383108422623
  0.99049474351310085  0.99101558267304668  0.99150951590678726  0.99197985151469392
  0.99239987189278378  0.99280428473973659  0.99318765831699496  0.99354097141376363
  0.99387208482765199  0.99418983009821216  0.99449448799817286  0.99475156458817549
  0.99500361723334674  0.99525146054343128  0.99547427423335455  0.99568342783602093
  0.99586188317765811  0.99603789183238811  0.99621219062212962  0.99638321308784417
  0.99654772349577392  0.99668770344048274  0.99681766055457621  0.99693536915541225
  0.99705036282567483  0.99716400671505989  0.99727318189514347  0.99738138993216419
  0.99748546556859208  0.99758899634072296  0.99768421978840915  0.99777806108259870
  0.99784713411332004  0.99791103317556895  0.99797500430803487  0.99803899266728813
  0.99810028209240154  0.99816085315459036  0.99821961008529636  0.99827742693905730
  0.99831964101139148  0.99834083565181531  0.99835934768521850  1.00000000000000000
 -0.00297207574818047  0.00982715591115876  0.02088057949318543  0.03080900932674435
  0.04146354000843366  0.05129344850208122  0.06053863788382361  0.06990312147550318
  0.07959660438940309  0.08950871916563487  0.09940022757182877  0.10977121189641005
  0.12106179497768284  0.13120686072800686  0.14052698994026139  0.15094126681408507
  0.16204827280087244  0.17160238665143246  0.17970409927726866  0.18803113962917198
  0.19687163380207900  0.20609430995636668  0.21546271798190483  0.22399092794460704
  0.23249876288246479  0.24174755475045340  0.25132682931851930  0.26007713713497010
  0.26834412572350008  0.27659973441561464  0.28502279834211719  0.29372626386509798
  0.30248110694036634  0.31144990898701475  0.32169619589959553  0.33297099562860122
  0.34449854853050960  0.35598442876471448  0.36701553494224742  0.37800466810955752
  0.38896667886996567  0.40004025958946332  0.41027530914000232  0.42038044384655077
  0.43045466440998637  0.44182677300995438  0.45304377744286373  0.46558541213873234
  0.47819829229994298  0.49190730248699532  0.50491565748104272  0.51746577197121857
  0.52995736269275051  0.54273348962344614  0.55553509437312298  0.56639032006901369
  0.57610751582876796  0.58636142750311926  0.59753865841588250  0.60834359902300628
  0.61856323164611549  0.62937678386814000  0.64111461920053581  0.65351912399040568
  0.66524981671085759  0.67665331361871051  0.68843838635310195  0.70067796844747976
  0.71272263955389603  0.72404443786698791  0.73493520178011995  0.74555906574168407
  0.75630984599122553  0.76737843090614999  0.77971906670719060  0.79253093181125123
  0.80246587381991685  0.81205853513908477  0.82040058775682290  0.82848886256592558
  0.83687249844317035  0.84507912357638992  0.85269229551029868  0.86129602365498614
  0.87037238178720555  0.88107961204586549  0.89324946394595128  0.90527453178018813
  0.91740147353438783  0.92913080979498996  0.94044538609159123  0.95154073630284297
  0.96242471110994132  0.97397669301824963  0.98620500355075325  1.00000000000000000
 -0.00223451053416937  0.00855176112081886  0.01735222936504306  0.02634847878774353
  0.03559923207165209  0.04582902397342312  0.06114735891609233  0.07284867417249329
  0.08495281265117807  0.09665103840941112  0.10814666698137954  0.11867094042106800
  0.12930682221407175  0.14035603914477576  0.15089533103227618  0.16061013295247867
  0.17033088143720243  0.18028334535194840  0.19006975266687412  0.19965294401199823
  0.20991405710193400  0.22135551804635256  0.23247781931033865  0.24390708527347460
  0.25452285965763050  0.26584364699999047  0.27732379117560202  0.28905291945999140
  0.29853104125615049  0.30682782609105569  0.31512026028143858  0.32354284121347687
  0.33222740343271562  0.34069217203220986  0.34891109053944669  0.35779599965896863
  0.36789862515284000  0.37895710873081223  0.39065819148974595  0.40166114454737784
  0.41144363552051122  0.42106154236436644  0.43052242162295429  0.44065693799531919
  0.45172458210476479  0.46269485321954518  0.47289485552136029  0.48202512123113683
  0.49058592250064487  0.49971076810469423  0.50893196775965532  0.51803434923960645
  0.52740434739187581  0.53668146406828954  0.54735718709085202  0.55905341597049640
  0.57049278815188087  0.58155392921295712  0.59342533583936308  0.60555376592643217
  0.61771422108249507  0.63025827181375704  0.64263546648899927  0.65354460398788972
  0.66325319935156890  0.67346690331345993  0.68412662505693644  0.69450349846809212
  0.70482771850247372  0.71612061768320268  0.72872181094334099  0.74205137551172495
  0.75555371601080057  0.76800826753218943  0.78030484193896821  0.79239723811902585
  0.80449022664258285  0.81560309880089177  0.82551333008148364  0.83519453892449147
  0.84487305932949075  0.85432676115608797  0.86348716163490125  0.87309784382150812
  0.88364437644800820  0.89495409942593018  0.90553322318476104  0.91594956800844696
  0.92658569555786419  0.93635851231700684  0.94624743041274917  0.95575334378335219
  0.96648763186086961  0.97726861917464669  0.98819671457717251  1.00000000000000000
  0.00622097741147236  0.01701975988020265  0.02961869627442957  0.04238911076638296
  0.05406736580656590  0.06501087595534104  0.07586083384854621  0.08643339813060177
  0.09678975828350017  0.10777624494709269  0.12034634857922304  0.13115817330759252
  0.14009851524942174  0.14954101644814710  0.15921159643528648  0.16896713642579012
  0.17808347560187626  0.18806842921687483  0.20156095601698037  0.21609171611868436
  0.22935245673631374  0.24003939001929472  0.25117862794711759  0.26169695972023665
  0.27292743904297473  0.28386544377710471  0.29475523471204756  0.30616182284624022
  0.31738035532709563  0.32845219239041307  0.33843170444176029  0.34838151947735119
  0.35882195103877579  0.36893787451527887  0.37900377658025647  0.39017356873356196
  0.40243100164524354  0.41482967072583543  0.42546593566417035  0.43554726210109213
  0.44573954261241394  0.45631555435284221  0.46724138084958927  0.47856295646297109
  0.49182426157023612  0.50477158715486203  0.51729957142870830  0.53107644898822171
  0.54609774858568449  0.56152689066894168  0.57740329847758365  0.59228250201703569
  0.60610191418819259  0.61873628147762283  0.63116131620710569  0.64373372192257261
  0.65724850760264319  0.66892781379185839  0.67914605149122997  0.68948145494254454
  0.70038920559263851  0.71078063004055336  0.72045168393047732  0.73008524756288995
  0.74102062907126143  0.75232500786979706  0.76333388138997682  0.77416585677779082
  0.78515715186490753  0.79697845638133225  0.80649397607949702  0.81608473746516419
  0.82576799847188975  0.83538802392508993  0.84526346985117229  0.85545312767402026
  0.86565067379275362  0.87610425197847874  0.88629328151495479  0.89577986685601274
  0.90481927840858767  0.91373464249945391  0.92260731701086651  0.93120314715984376
  0.93916654618544881  0.94478636754410728  0.95130124680239558  0.95798584166386769
  0.96396740040179507  0.96941654914016651  0.97446255275958527  0.97925699105722397
  0.98400192534972830  0.98967282170314186  0.99372179878631939  1.00000000000000000
 -0.00194975424090746  0.00797715808791681  0.01716263714598688  0.02698696804834541
  0.03739327661484310  0.04800742470100907  0.05812138058391081  0.06813883571845863
  0.07880798195966762  0.09086612819994871  0.10277090580353362  0.11288426277285915
  0.12188783315853867  0.13145852432830360  0.14130684833966412  0.15202402793080219
  0.16271476713031172  0.17266830665653188  0.18233709673116855  0.19284426723520495
  0.20403987219868899  0.21425624570102927  0.22386495405601628  0.23280699320442558
  0.24193361741574909  0.25137291840582443  0.26077471083551473  0.26975367863226035
  0.27899077467963451  0.28825089656657638  0.29875565690506523  0.31054677236748335
  0.32246888181770278  0.33467942762024538  0.34722038040745845  0.35960062609157323
  0.37165720592306628  0.38352099353026686  0.39517537738530861  0.40490961431296529
  0.41440431925801330  0.42416188241770875  0.43347724242232349  0.44261987337560876
  0.45183760183720356  0.46150472861402408  0.47234866629166922  0.48357431828395608
  0.49427468416249226  0.50411747254165107  0.51335760456777890  0.52522336889587951
  0.53863497899135526  0.55050321351563247  0.56110231280312595  0.57103892172453863
  0.58109760734680649  0.59158962384113323  0.60203639529937236  0.61293431486053485
  0.62355901636630429  0.63357967511002622  0.64386313981004362  0.65413353092339799
  0.66460531244833732  0.67431378563773692  0.68382953078179431  0.69426967353108848
  0.70641084765059126  0.71935077942304049  0.73296871161981314  0.74599064949598470
  0.75981661575353932  0.77294777127113168  0.78598393448095627  0.79987362422887798
  0.81361623269637950  0.82657684082053173  0.83889890748279472  0.85060135778047252
  0.86058716548016878  0.86891704804569936  0.87748046302000260  0.88629828020541335
  0.89554024833987789  0.90496248349379083  0.91418949046818676  0.92472649720423417
  0.93593391200141574  0.94672615734580834  0.95677497503562114  0.96535729275220827
  0.97392805672788330  0.98263341953382599  0.99144011854127712  1.00000000000000000
 -0.00347692983809265  0.01555722096281671  0.03039033084757303  0.04293297707454639
  0.05503952069346936  0.06737461272888831  0.07959586967262021  0.09133586813613602
  0.10283921083610513  0.11463202427113552  0.12692043881648071  0.13983372544974473
  0.15266431905574215  0.16414362622093476  0.17396957846534117  0.18352223804418927
  0.19310478227996705  0.20276624434897364  0.21209551518841357  0.22075967384523584
  0.22951762717625446  0.23880065045840354  0.24835755250670866  0.25818771400880458
  0.26843618362488575  0.27910676161807929  0.28965498487760477  0.29884968654787214
  0.30799118948182042  0.31818465862876855  0.32891300129494799  0.33872092562243145
  0.34826864240093425  0.35875384237336150  0.37067529326747728  0.38461873475204789
  0.39875487872743404  0.41177213206336566  0.42402469295962786  0.43558379051141310
  0.44724131793213912  0.45787944220983207  0.46694680847464226  0.47525291923885443
  0.48326075531382867  0.49139210517470761  0.49966655704456137  0.50753916316287895
  0.51531343858046386  0.52357344485085622  0.53237460431298722  0.54161411679847049
  0.55343068178971955  0.56599218030216181  0.57747605746235087  0.58846863897796464
  0.59932410254212043  0.60906010714441849  0.61775617569046415  0.62678470154378652
  0.63659552187249779  0.64758082251410043  0.65948302814567183  0.67219492428813254
  0.68547252111976398  0.69828729512363796  0.71024775498913262  0.72199789874355391
  0.73369136762502296  0.74506985823798388  0.75632021199183008  0.76770806359163812
  0.77843383635244390  0.78961526778921987  0.79862110050355684  0.80655829971537329
  0.81483875600478306  0.82368567879833499  0.83270334969650939  0.84115840473743175
  0.84943068800944377  0.85858040048817752  0.86853880857457111  0.87847359906629519
  0.88824152197602624  0.89884179397335118  0.91014634075013812  0.92131142759059581
  0.93248468833210829  0.94380772964403081  0.95507736053647896  0.96579248070344326
  0.97541362940908960  0.98445116041463354  0.99234664028437580  1.00000000000000000
  0.00495010981124271  0.09824516053643464  0.12031086021932413  0.13734895203256348
  0.15262432843281151  0.16916042774779771  0.18625707635553931  0.20033378566432564
  0.21275339134218316  0.22624521823731603  0.23963232585512440  0.25357454551816683
  0.26866928713981247  0.28246042686932943  0.29528519843466439  0.30849242071253313
  0.32129778189705493  0.33249657028038704  0.34345092532039057  0.35428829840194437
  0.36521405136080992  0.37656703422516968  0.38647866724822633  0.39637406151591420
  0.40617227757189711  0.41599006871293964  0.42528796506663336  0.43405418794019918
  0.44272121289323790  0.45153246251450857  0.46014896945516337  0.46832528828939218
  0.47632020878444842  0.48367144231435644  0.49076106299643318  0.49812176113360002
  0.50563164927200965  0.51315892547241737  0.52069201678601917  0.52838273322771501
  0.53625673844411603  0.54418198470572421  0.55302157002606556  0.56119602629937826
  0.56844841106830191  0.57556713835890050  0.58297827009434644  0.59062096690913501
  0.59829167777911596  0.60567117882026444  0.61279470889922782  0.62029417183493862
  0.62727663604634887  0.63397874819917266  0.64049605017018163  0.64714315851304249
  0.65388288362132663  0.66075953756982053  0.66773046945300518  0.67456238819284997
  0.68105274533782623  0.68755509069946041  0.69446946976057100  0.70163260513901426
  0.70889543607688310  0.71615488407729944  0.72311501471206718  0.72996922896132632
  0.73699928175606455  0.74393344497871294  0.75028936600989204  0.75549475804906330
  0.76034699721882726  0.76513564737640793  0.76978378606415210  0.77451851516511416
  0.77958480994573398  0.78496310833500027  0.79019009964079812  0.79529955825742082
  0.80054129811392927  0.80547942484815860  0.80990166020010257  0.81587994109455919
  0.82293992484104717  0.83062152194132732  0.83875519941529653  0.84824584902746691
  0.86046645345449979  0.87498123767390035  0.89197681309895249  0.90825966585114182
  0.92551443458650773  0.94498726787689491  0.96003109388828944  1.00000000000000000
   1.5781064103773180E-012  -1.0000000000000000     
 F F F F F F F F F F F F F F F F F F F F F F F F F F F F F F F F F F F F F F F F F F F F F F F F F F F F F F F F F F F F F F F F
  <DiscreteSampler_grid>
  grouped_processes
  1 # 1 for a reference and 2 for a running grid.
  10 # Attribute 'min_bin_probing_points' of the grid.
  1 # Attribute 'grid_mode' of the grid. 1=='default',2=='initialization'
  0.0000000000000000 # Attribute 'small_contrib_threshold' of the grid.
  0.5000000000000000 # Attribute 'damping_power' of the grid.
 # binID   n_entries weight   weight_sqr   abs_weight
    10   10   3.446916183660923E-001   1.844690578561520E-001   3.446916183660923E-001
    11   10   3.446916183660923E-001   1.844690578561520E-001   3.446916183660923E-001
  </DiscreteSampler_grid>
