 -0.01822675940310368  0.16492203747769538  0.25900373287428091  0.33341781660153424
  0.39807840467057654  0.45609913616134623  0.50849601817276391  0.55575722568358665
  0.59877838193963839  0.63807526898167966  0.67471149113449391  0.70839446104204440
  0.73936559173802896  0.76795015617082174  0.79363647683578797  0.81705734227891957
  0.83783287549741814  0.85687708259503581  0.87354244058667885  0.88847366210633549
  0.90183118002668239  0.91370810003598413  0.92388285401478276  0.93290497655972959
  0.94048111305000026  0.94673697188439232  0.95238603701630464  0.95791672873219436
  0.96026396993936824  0.96250315008527387  0.96467490917326759  0.96670207471805181
  0.96862342922302802  0.97044989685826044  0.97218886715574127  0.97384312804721707
  0.97541447481550392  0.97689776700933773  0.97831570333943452  0.97961241392758536
  0.98071733009647555  0.98179283938177730  0.98281517394020546  0.98377724061077643
  0.98468021812957707  0.98552100661366526  0.98630940792065180  0.98705864997139225
  0.98776921645230908  0.98844201362174444  0.98908377560158700  0.98969737780276656
  0.99027213266407443  0.99080812710510691  0.99131397928464127  0.99179538915766685
  0.99223326919587762  0.99265447653732863  0.99304748301069223  0.99340715771631627
  0.99374418785090102  0.99406688969952195  0.99437390515930513  0.99463949694808174
  0.99490025071393950  0.99515633171681728  0.99537657069299579  0.99557977049451130
  0.99576073048605951  0.99593823227879630  0.99611448959906390  0.99628806808126380
  0.99645025414017985  0.99659609073121158  0.99672564977544009  0.99684743410075705
  0.99696440925952912  0.99708062460243496  0.99719074643739214  0.99730058003949584
  0.99740596290302430  0.99751133271943204  0.99760968613746159  0.99770803955549114
  0.99777742686591508  0.99784562317488057  0.99791362143955176  0.99798160216126708
  0.99804664913127994  0.99811125877872608  0.99817356926421907  0.99823496348923779
  0.99828642037999193  0.99832558020947648  0.99835977018463706  1.00000000000000000
 -0.00224964638330448  0.00860475061662992  0.01823136397338701  0.02930889922481915
  0.03994545267423638  0.05074662408632151  0.06023932347316214  0.07060250635023224
  0.08131289610713444  0.09229122332447939  0.10425820687847039  0.11668163895346227
  0.12865799980773082  0.14034809283333768  0.15132892722548780  0.16150721642766044
  0.17094692461068806  0.18029644807034514  0.19131753038348326  0.20440581940363634
  0.21821474181986283  0.23107719015305747  0.24230847892935364  0.25193425469428976
  0.25966632010501278  0.26853082837250808  0.27811474807930181  0.28779078471019764
  0.29731801519021772  0.30610435190423202  0.31469427015210572  0.32470128655934893
  0.33686881348977704  0.34841622081873103  0.35905227257098893  0.36957233118816774
  0.38028922642192342  0.39177720411889322  0.40280099514786138  0.41400923284990987
  0.42486377803848108  0.43548191895114058  0.44604851897871522  0.45608628228247483
  0.46631374397788233  0.47729402948165456  0.48939851945210322  0.50187650601540712
  0.51469632406265509  0.52693859892076123  0.53902988932610252  0.54947691611357474
  0.55894037415012743  0.56832025810689046  0.57733633098473736  0.58813893228180780
  0.60001544040815058  0.61040296782690606  0.62000768142007545  0.62850074995039507
  0.63553758946342098  0.64251399358219918  0.64952049121483968  0.65728529829236748
  0.66484234299010692  0.67319484647407080  0.68235540070645651  0.69145735417890075
  0.70121663425384340  0.71078318277033381  0.72061865134849878  0.73017308557918148
  0.73937199841598100  0.74890578264974506  0.75886042092781381  0.76913384672544538
  0.77905055260675937  0.78989896283580718  0.80291930583642479  0.81742170765723543
  0.83203555824215458  0.84574894339718898  0.85740650074071689  0.86718288472598137
  0.87700253375582371  0.88819247281606717  0.90007014287053633  0.91139867282002729
  0.92270457680267859  0.93381808017329471  0.94400274282754715  0.95455934004232978
  0.96583077817948859  0.97750531716226030  0.98908106071518376  1.00000000000000000
 -0.00326056871368442  0.01066493335582468  0.02439930476269007  0.03720981362166313
  0.05097302858804155  0.06489984355927449  0.07785176552924380  0.08798495250090095
  0.09611135770975476  0.10470394305435074  0.11441903590349130  0.12417399077054724
  0.13341389925767022  0.14235654897439101  0.15049944105557933  0.15824268599347086
  0.16636151205222013  0.17502065962572208  0.18413065947485871  0.19289945336914266
  0.20136277407786618  0.21022357535772657  0.22029350224274391  0.23071277079525335
  0.24044941187969454  0.25028389013486607  0.26107451614772914  0.27179711417889851
  0.28379569587761938  0.29590606758810645  0.30815593638939565  0.32054654086730050
  0.33277045216334783  0.34424165935684731  0.35486940170510567  0.36499925582803999
  0.37603882089942292  0.38895494340456677  0.40239493889681344  0.41532048349685996
  0.42751190807531642  0.43932418726861999  0.44997745225390190  0.45974287761207439
  0.46820612883394996  0.47657661675810548  0.48554346858916358  0.49536159525335105
  0.50580849304970588  0.51690431230828504  0.52808552214543769  0.53842270582020813
  0.54841640041376405  0.55864821381642360  0.56908891911873272  0.58010558249582145
  0.58961045672475976  0.59835624165366197  0.60706251538851552  0.61579934614511722
  0.62468099133794419  0.63379995568061087  0.64373832127646025  0.65452028749349456
  0.66563262552323588  0.67621141980198785  0.68629772286138868  0.69612642020910631
  0.70628902913313363  0.71746469609370334  0.72937487316813265  0.74114272991184404
  0.75289890538782767  0.76507563880225793  0.77745858692753811  0.78900483797528176
  0.80148038212061634  0.81280697172992522  0.82410297788135956  0.83452551857842883
  0.84397277087392197  0.85281722599159682  0.86180304972765620  0.87029194604160087
  0.88025433391053742  0.89042353252995932  0.90201265822927357  0.91496210142736822
  0.92430361730478916  0.93415766625396823  0.94411061276849317  0.95469345895019964
  0.96516671011789601  0.97499870520980270  0.98584798840112686  1.00000000000000000
  0.00930228677586535  0.01436125835616333  0.02142821778934786  0.03024845340439136
  0.03874849788774110  0.04587537945783716  0.05237530710885002  0.05963138571180264
  0.06786552332912174  0.07624319384288718  0.08443599159697716  0.09241694259153881
  0.10005991620108048  0.10919864232480553  0.11925512994325781  0.12839133397564917
  0.13679932095531938  0.14526315228129519  0.15532315343887687  0.16651004869529171
  0.17846610605402002  0.19037120108298178  0.20317356662459729  0.21532227788652755
  0.22646782233535853  0.23628348416628633  0.24663745265256568  0.25798544082359776
  0.26981555472696689  0.28120526965260267  0.29291620021280479  0.30598007557710416
  0.31941293153448835  0.33327031604540308  0.34761717221893379  0.36114162155034879
  0.37298828874708723  0.38416356822426007  0.39546021385770036  0.40732757237113593
  0.41838553169369125  0.42846164615812482  0.44030525796750103  0.45119028121823668
  0.46095495787807139  0.47064196973085859  0.48121150183730887  0.49261684775867337
  0.50461172126545639  0.51690280089336482  0.53322636632752785  0.54819025134175348
  0.56137136572239166  0.57218090496582741  0.58325964766734606  0.59395474075723276
  0.60389163467195806  0.61392880762021940  0.62355230607313006  0.63500840347865350
  0.64627828993797531  0.65778975862496136  0.66910330727108214  0.67878468715555262
  0.68782556568328812  0.69781505433759861  0.70803649105461908  0.71879351898033983
  0.72918991204515982  0.74104072525406128  0.75319919530581103  0.76527340006572420
  0.77560056392916621  0.78355417902767133  0.79233266483943043  0.80126426732358846
  0.81023585067873904  0.81883227841222261  0.82687550411443944  0.83605288438163294
  0.84701260303194292  0.85858383540816041  0.86995303128306978  0.88174140586506544
  0.89425153532373891  0.90506928927538499  0.91478624097795480  0.92325481458059377
  0.93068797525371660  0.93833716099980935  0.94634566546662813  0.95523354791073101
  0.96474894758078666  0.97470174458681758  0.98633540706566569  1.00000000000000000
 -0.00252550460461820  0.00827163274481339  0.01957883875031999  0.03115410352590470
  0.04351441011846547  0.05670025472689245  0.06964054439658850  0.08127521684031924
  0.09170154764335746  0.10171658686037098  0.11275635407254059  0.12456406613173489
  0.13476649035185720  0.14373369920755966  0.15307305429851520  0.16326931896765046
  0.17330519490404805  0.18288423542228802  0.19411942794540904  0.20639165703259726
  0.21822777036762550  0.23008554994665920  0.24217303104196466  0.25359423081398197
  0.26474254493571275  0.27619370465033954  0.28813446661229269  0.30072565445654093
  0.31359091143297663  0.32642269121781842  0.33939685008180986  0.35211482784773190
  0.36568049057444563  0.37775827894581543  0.38852077639727250  0.39927822128611185
  0.40946235721418667  0.41961395290055226  0.42975939514257067  0.44128326286995628
  0.45396139393069307  0.46553570107605990  0.47650321826785141  0.48704868682208396
  0.49645232968701852  0.50533007680938780  0.51403241834152336  0.52297578394269073
  0.53230731099229789  0.54211070789075844  0.55084352410070891  0.55859241204785415
  0.56604610941276190  0.57336155585387494  0.58107672363472573  0.58880994723300661
  0.59665857112004417  0.60458364528501152  0.61335696034808529  0.62227634900026396
  0.63447672257710830  0.64755030050107609  0.65990416729044565  0.67164264360838288
  0.68305660346089769  0.69452867002893215  0.70612023457174167  0.71766201539663077
  0.72887016697327689  0.73888672615582507  0.74781459292097163  0.75704153233786586
  0.76696793985493572  0.77654161134659017  0.78543351584436816  0.79431032034205973
  0.80385680372747381  0.81408003997738621  0.82465544426631943  0.83505571614646013
  0.84641574586822921  0.85912987686916431  0.87280058554431628  0.88652371812903241
  0.89855551828069968  0.90925902248872059  0.92010560380522732  0.93076143165332803
  0.94088269741433972  0.95062891098782187  0.96005272016558585  0.96840478780461214
  0.97618325191851796  0.98415834479536912  0.99231583054785844  1.00000000000000000
 -0.00447351783951758  0.01816300840730412  0.03317992075128545  0.04574423242635815
  0.05667869888179880  0.06839337435930376  0.07998198631087472  0.09073954385195449
  0.10201542934210084  0.11481576563422145  0.12822288164485590  0.14036524071728385
  0.15167017612226014  0.16298295567662838  0.17452105242771754  0.18735747014355336
  0.20162989009663992  0.21450583080280891  0.22547121760228511  0.23513861094274383
  0.24497524946318069  0.25381752256907919  0.26185303525640619  0.27019074721177483
  0.27922441679969900  0.28804597065089382  0.29651094394921051  0.30513772398090355
  0.31497253368125877  0.32642664433654767  0.33748537622598634  0.34744522293102897
  0.35721979883630139  0.36722953067472047  0.37784910700485791  0.38884952094723868
  0.39950580488716436  0.41005062269730130  0.42072941946787784  0.43166980673369437
  0.44239037631114408  0.45143106028511493  0.46088675305706378  0.46980831056143607
  0.47854805815384160  0.48721938181941354  0.49693748381972408  0.50671045795512293
  0.51588273214016278  0.52405313999723846  0.53224901530451862  0.54000840443188891
  0.54748736405898057  0.55506799484293867  0.56355744797824459  0.57258208313909476
  0.58058736373320330  0.58899902205370114  0.59809667089203822  0.60793665730099378
  0.61863279022965378  0.62913950470900037  0.63836071981587506  0.64754026835556278
  0.65602705943612738  0.66476724814043209  0.67391891964882622  0.68341906361166949
  0.69361383427453815  0.70430143849213633  0.71502657270007652  0.72570577090245814
  0.73701625528834858  0.74909246534047491  0.76039437643903207  0.77105754708061991
  0.78413787848642080  0.79646125142667923  0.80881813164548899  0.82088776942140818
  0.83231113908198340  0.84363944296281579  0.85474904667888940  0.86472295925882470
  0.87362131895161499  0.88205850331797875  0.89067641114178853  0.89970643630887570
  0.90920137172466409  0.91947805517820924  0.93290931733027149  0.94747701452618638
  0.96189421608510761  0.97547686010638046  0.98801466663771065  1.00000000000000000
  0.02618117634303176  0.11750713234866238  0.14278358500374541  0.15866676761418444
  0.17449506348477184  0.18778044171136712  0.20097965658337782  0.21380533353713774
  0.22637180315914329  0.23795263042064863  0.24822380215565604  0.25711755588809848
  0.26541933737448081  0.27422874382162571  0.28308502348439224  0.29127806301547066
  0.29855245854186119  0.30567931293148110  0.31287523392621930  0.32057610126601227
  0.32818197790705950  0.33492480601329749  0.34103118822615236  0.34710523566532414
  0.35353055748699386  0.36036784016220258  0.36707794126657661  0.37336747490630368
  0.37964788795526599  0.38593722527189839  0.39168794528502032  0.39797855237552848
  0.40449076451434784  0.41121138968847332  0.41758722793338765  0.42385666566364189
  0.43023189272450335  0.43645875041851123  0.44231201052368824  0.44814392867698138
  0.45427869482515004  0.46012328062350571  0.46594550965342646  0.47158600311026738
  0.47748553937797406  0.48335146730048439  0.48907426982231611  0.49461141456300284
  0.50011693366421250  0.50615044359446271  0.51245421110370581  0.51866501766473316
  0.52492747574716447  0.53111051290860689  0.53719267093064504  0.54301664435326302
  0.54887119488305958  0.55472875765533503  0.56088170093940881  0.56727177427308650
  0.57372514906547067  0.58009416371315803  0.58624679135490998  0.59213945515521638
  0.59799799570841694  0.60419670328216113  0.61014616409906119  0.61609954055849203
  0.62202430318097901  0.62790931227423030  0.63406394962974133  0.64023383535647460
  0.64681877469113158  0.65391653320722998  0.66136565607015896  0.66888267374134114
  0.67681655912705729  0.68517338544192385  0.69341584171021176  0.70062602663787565
  0.70735440086983403  0.71423523915139919  0.72183838791788024  0.73073179710349068
  0.74318514863541951  0.75849909631696100  0.77351700626261333  0.78728675502505951
  0.80143437966517317  0.81685512880444555  0.83879565468673101  0.85976885584519114
  0.87956287350704365  0.90566708918600425  0.95574848917708322  1.00000000000000000
   6.1403234337468164E-013  -1.0000000000000000     
 F F F F F F F F F F F F F F F F F F F F F F F F F F F F F F F F F F F F F F F F F F F F F F F F F F F F F F F F F F F F F F F F
  <DiscreteSampler_grid>
  grouped_processes
  1 # 1 for a reference and 2 for a running grid.
  10 # Attribute 'min_bin_probing_points' of the grid.
  1 # Attribute 'grid_mode' of the grid. 1=='default',2=='initialization'
  0.0000000000000000 # Attribute 'small_contrib_threshold' of the grid.
  0.5000000000000000 # Attribute 'damping_power' of the grid.
 # binID   n_entries weight   weight_sqr   abs_weight
    10   10   2.010449677687778E-001   1.298302771594508E-001   2.010449677687778E-001
    11   10   2.010449677687778E-001   1.298302771594508E-001   2.010449677687778E-001
  </DiscreteSampler_grid>
