 -0.01826033711937880  0.16264427290562050  0.25581295462656267  0.33051532599523192
  0.39459498311699448  0.45180737000306193  0.50391212614818648  0.55121986756691721
  0.59470816056352549  0.63449060417831216  0.67156223274549276  0.70543113146139558
  0.73631886293715620  0.76496155205170835  0.79101630015145685  0.81468627076372147
  0.83566821289938409  0.85469213095081387  0.87142430302278417  0.88637303004087342
  0.89977116290506287  0.91157235946121806  0.92183788503228459  0.93078024024074113
  0.93878328118271315  0.94526580319988285  0.95118688323924672  0.95670893724249662
  0.95989133964419959  0.96208518543292210  0.96427294930804397  0.96632376513028106
  0.96827122033503343  0.97013616563006677  0.97190562176314510  0.97357053891868972
  0.97516625285844571  0.97669401109206055  0.97814944483886568  0.97945498349069571
  0.98058119308869818  0.98164205002790939  0.98264778177875145  0.98359666193408668
  0.98449011754480520  0.98533564125920492  0.98614069717039143  0.98691226338884008
  0.98764776052480574  0.98834036705004247  0.98898988285339040  0.98960264179292257
  0.99015843228297473  0.99068808089379667  0.99118973061764259  0.99166284838492469
  0.99210844187040204  0.99252265015919383  0.99291794743476636  0.99329404667800458
  0.99364561085333958  0.99398296307250189  0.99429494108286798  0.99457157247260441
  0.99483787567379600  0.99509525788312314  0.99533596747003861  0.99554196916845228
  0.99573321231182543  0.99592113433043394  0.99610689930130492  0.99628922647491569
  0.99645004566920892  0.99659974048967903  0.99672692020567077  0.99685137823670600
  0.99697216225030116  0.99709077194919904  0.99720505806907911  0.99731727341191023
  0.99742648331223072  0.99753189034635625  0.99763139164322401  0.99771993531475112
  0.99778973704375262  0.99785893467969766  0.99792665289332438  0.99799384665023616
  0.99805799625471092  0.99812214585918568  0.99818402485603985  0.99824560815221808
  0.99829378188111795  0.99832998353587288  0.99836157334110975  1.00000000000000000
 -0.00231240958763227  0.00829771011390940  0.01830796045883361  0.02930536096876384
  0.04142657827942113  0.05386868789723782  0.06786131478030252  0.08164041780070416
  0.09389477999944203  0.10480803321701013  0.11533321983210333  0.12596208257684532
  0.13697149789276619  0.14767853740070180  0.15754319757748222  0.16721210832936809
  0.17644529014896926  0.18591013603003231  0.19575403444746378  0.20576745871997754
  0.21585940927945560  0.22560163106501030  0.23558828982687308  0.24603486171440195
  0.25785203558895542  0.26992885058838051  0.28108129614221705  0.29188329458113926
  0.30132894792498005  0.31023840249023987  0.31923251540485553  0.32861570763537906
  0.33880605010735615  0.34934998173221188  0.35955042054910979  0.36978208611648755
  0.37983117333500788  0.39032859890156568  0.40040850704933495  0.40989350547472470
  0.41956902946299168  0.42928454703860131  0.43884884829040399  0.44650533634660200
  0.45466925258384322  0.46296681626687242  0.47171282789843988  0.48048743620645706
  0.48900358493551888  0.49768422866983786  0.50740166335264736  0.51781937911013920
  0.52788434776970949  0.53742801871409640  0.54683902600875756  0.55607457873301658
  0.56599816342585074  0.57460513286960602  0.58401783792133910  0.59472909702423771
  0.60695215682443615  0.61968945229800221  0.63232335561793307  0.64478435785605903
  0.65671247579620040  0.66766625499933463  0.67743005271206813  0.68654412537408027
  0.69565375237191174  0.70463807923482191  0.71419310373960554  0.72399213858627864
  0.73537882470075122  0.74712746382623318  0.75806337761896192  0.76807518507444228
  0.77719204859509150  0.78562249164190656  0.79405265673256953  0.80358448608951849
  0.81430793217406605  0.82577274046732985  0.83721780889940101  0.85028992104412393
  0.86313609356815724  0.87692853975654250  0.89120513484486641  0.90559784734144066
  0.92010502970012564  0.93430951104674842  0.94655301078653231  0.95772911028788499
  0.96872343750907941  0.97930810344575991  0.98963560915648097  1.00000000000000000
 -0.00216005825083724  0.00835694894150902  0.01759442503560556  0.02784351978845023
  0.03905598053629787  0.05004276703799540  0.06067188458481753  0.07177047687666509
  0.08304039914145554  0.09305905460602885  0.10303464619894072  0.11328969536673784
  0.12439121165816233  0.13534025703170904  0.14662341020949002  0.15944292228623588
  0.17410256094131502  0.18779290054928241  0.20050643703995127  0.21179574768113549
  0.22204666985519317  0.23158059527157032  0.24029323689244966  0.24901223499481459
  0.25813459073500911  0.26750737427393850  0.27637525345492220  0.28466998565590163
  0.29304360607424523  0.30226486589949719  0.31233956037078131  0.32307644642865357
  0.33375616073910475  0.34480269012447240  0.35588685752352278  0.36818042673802809
  0.38030818876974914  0.39264839754715447  0.40413209503887992  0.41629017848898592
  0.42721092885374556  0.43773343622336996  0.44816350207690625  0.45852943990327794
  0.46701370512968443  0.47577989322246639  0.48398190260388918  0.49204688501268146
  0.49998653182773223  0.50822118577589093  0.51697974604540153  0.52762190931085395
  0.54026113514016205  0.55347517633687593  0.56599882413119207  0.57778848307400499
  0.58965227879833537  0.60164428597819231  0.61414567927986818  0.62681623540693854
  0.63907180390511231  0.64998972576087999  0.65989181593614687  0.66989771104133178
  0.68009238352975321  0.69038780531570498  0.70079749983352413  0.71161408891997968
  0.72325890756791911  0.73463190804982337  0.74534425607981281  0.75561975027397332
  0.76573434032215693  0.77601167167081075  0.78619689709240625  0.79552295688523689
  0.80418591853424148  0.81389233707756381  0.82366275474676942  0.83287859716337542
  0.84164347464804512  0.85054014343014195  0.86064763682465029  0.87250628334012559
  0.88549355613068881  0.89887905814681024  0.91018746715131638  0.92122781916812502
  0.93101142279274374  0.93974238849852543  0.94754826618577848  0.95582490409129217
  0.96640977801393357  0.97767366913743159  0.98809718730166884  1.00000000000000000
  0.00281945614554240  0.01296041905990098  0.02334461014204457  0.03311396998591247
  0.04248425202278030  0.05230364142291608  0.06223210447439596  0.07229899776184558
  0.08168311364615730  0.09090792259583225  0.10022554196351663  0.10959250000674091
  0.11907892874228966  0.12816300062316607  0.13710125683675817  0.14602310591129050
  0.15643753263851826  0.16751903206048122  0.17780801707454283  0.18773726882220027
  0.19828643178164823  0.20934200766123004  0.22049461273018067  0.23271379676329784
  0.24573870196005490  0.25838616991532565  0.26996680810787232  0.28020874157282422
  0.29071678128061518  0.30223904927357736  0.31392207346090517  0.32526789210530244
  0.33577290103241381  0.34618716387144666  0.35671217365373598  0.36823616408377502
  0.37871260580556143  0.38963773986293920  0.40192403321400411  0.41630831388866402
  0.43091140462941935  0.44506549915661264  0.45863424605947500  0.47260454203457836
  0.48714526113189122  0.50076922487659226  0.51336564788262939  0.52620616079739879
  0.53905318013340409  0.55124036349482941  0.56367258093852124  0.57700415469346833
  0.59038379991404788  0.60303847574714886  0.61523984049457081  0.62672786687416071
  0.63793452399534689  0.64890525089743900  0.65962846366371131  0.66981020655867141
  0.67915887692098453  0.68914549781281387  0.69976899529591041  0.71064797235828692
  0.72090106337315751  0.73086254964403163  0.74112944728053920  0.75151815509449116
  0.76194842679059493  0.77215662947817842  0.78281259364552602  0.79355165398025984
  0.80441033476019164  0.81435922273839745  0.82322950616730051  0.83163698687660315
  0.84015240262431090  0.84861391236034722  0.85661507410785920  0.86429496352132751
  0.87224849322984199  0.88208542992278338  0.89429747637222345  0.90534657929472440
  0.91572089974418891  0.92412872169637261  0.93224110644388536  0.94005043353429518
  0.94750388168180177  0.95504911470604614  0.96262916971174772  0.97004302593357439
  0.97748980285272635  0.98470588806682502  0.99202792183521071  1.00000000000000000
 -0.00269242651288392  0.01133345754861106  0.02219389626274938  0.03307591453032677
  0.04322238338551107  0.05249805331605008  0.06080294806493765  0.06885232437390684
  0.07717848880215832  0.08642098376307593  0.09712495070048940  0.10818428140805118
  0.11920226268398579  0.13160170139915034  0.14527567445301248  0.15912420730036086
  0.17265747693459788  0.18522718943405264  0.19756110409214284  0.20895415204887824
  0.21936523134187902  0.22946747271087897  0.23891659178258620  0.24781059300481054
  0.25643873474990919  0.26547622491816353  0.27620145180387090  0.28870768940369801
  0.30022082229499214  0.31105817327943991  0.32164643954761191  0.33208153832820703
  0.34215407698471939  0.35205338354168914  0.36274615927890125  0.37458515663796582
  0.38689896265614360  0.39859207040496081  0.40947791240688963  0.42019895693903991
  0.43062278556968447  0.44051125093501547  0.45033643343273055  0.46077768744957120
  0.47247267338354615  0.48509403944482848  0.49801386528848346  0.50794179442403231
  0.51766220080591419  0.52760338126018047  0.53675437989422559  0.54553649691266259
  0.55406382698187018  0.56307315875512098  0.57293871447557121  0.58387755097733018
  0.59662778273284856  0.60825660346681898  0.61897885338847625  0.62892139695426341
  0.63853354196803969  0.64892393985155672  0.65964127702728959  0.67103799738683700
  0.68225764944454925  0.69271664981817849  0.70240388862918335  0.71149416274375199
  0.72029462355804075  0.72952691253829538  0.73938274602718446  0.74972590765040992
  0.76071173142398529  0.77090860631759150  0.78081395378241347  0.79084326382043291
  0.80154860402382300  0.81210465395767772  0.82225587486466856  0.83178910299368092
  0.84053347060707828  0.84934473214756878  0.86016673970247248  0.87112921165205459
  0.88123991782072952  0.89058926595360532  0.90073790115543162  0.91390775679901082
  0.92462008292653675  0.93453263302812162  0.94493874535135247  0.95546372383248668
  0.96672379478218062  0.97674935402763385  0.98756193793797720  1.00000000000000000
 -0.00240045726350756  0.01319127301457419  0.02542349701033381  0.03717243886136137
  0.04790066605701700  0.05815294778486830  0.06858195605074442  0.07903263342184551
  0.08930545890811004  0.09959612340677268  0.11088233963322476  0.12333281678318635
  0.13665048289582826  0.15111218744736862  0.16592861550724738  0.17983075354291075
  0.19240195839604537  0.20256037851592062  0.21316355888577204  0.22350097473199604
  0.23412938652173917  0.24522034591026501  0.25652645588221767  0.26787529339123828
  0.27757202243921503  0.28606211336187037  0.29494054980163215  0.30362390668441491
  0.31231207291192487  0.32094772995943360  0.33060872815735259  0.34211277104422594
  0.35365096919440797  0.36373090116360290  0.37309349717038331  0.38283791901239117
  0.39323735549450550  0.40414413148180056  0.41512606632325377  0.42636084569315541
  0.43813804562151748  0.44969601703711171  0.46074680868315238  0.47005939280677472
  0.47896475640440467  0.48783448040005639  0.49717330496756357  0.50696443930427104
  0.51718227973602737  0.52773338955333537  0.53808232772760134  0.54885266903107732
  0.56035483620255788  0.57020353379586208  0.57851133716089387  0.58597127355241918
  0.59320102150406684  0.60098117392598549  0.60892409061663766  0.61660758758464351
  0.62449653348506995  0.63367226935809629  0.64342205921145590  0.65317799745958816
  0.66290568507718117  0.67337590572907191  0.68436537255095886  0.69532772053464154
  0.70558848462960944  0.71761706704096972  0.73126298791586108  0.74464592207827718
  0.75753843354855677  0.76849666520290139  0.77826060724855028  0.78751146007150552
  0.79710818940430406  0.80648255315455575  0.81552124708474338  0.82542739508967700
  0.83528057256225741  0.84824925371659721  0.85977503358324636  0.87021291872037210
  0.88023435185239474  0.88926984178352997  0.89845675269624259  0.90824347614847578
  0.91892696234436533  0.93055066544694653  0.94244844445206954  0.95522196496431155
  0.96746361519273494  0.97876437120395188  0.98950349644396141  1.00000000000000000
  0.01498815865369321  0.11273597641412161  0.14665609823510842  0.17144574300238385
  0.19215677980257287  0.21102573933086230  0.22656074352871292  0.23803819873892834
  0.24877658358843488  0.25919724644581754  0.26961772873151751  0.28011321387918930
  0.29012135964577063  0.30145862413156765  0.31325981039654177  0.32413214442644889
  0.33464900701116040  0.34481086800134225  0.35446413814450195  0.36366846881026765
  0.37261373494697814  0.38124738306457567  0.38995044149033475  0.39865532251011015
  0.40779222345691696  0.41671477055224898  0.42510148228714856  0.43329223524043192
  0.44178705190306128  0.45134956168840967  0.46068990258452780  0.46929083706548508
  0.47827247343140089  0.48763554344958299  0.49639807060827346  0.50415158187274034
  0.51136535988760756  0.51868518619931192  0.52676114132387553  0.53496276911682961
  0.54272105943273585  0.55000515992446475  0.55706743214425081  0.56446635671491752
  0.57222132055083375  0.58017538755580511  0.58840820982862285  0.59670082975767513
  0.60498908812638708  0.61313267106571101  0.62106584464405512  0.62825878184706330
  0.63500853551681391  0.64162814675467872  0.64823682279779138  0.65525674265560085
  0.66246701950177100  0.66986126386660227  0.67742437389888044  0.68485861999460129
  0.69205647013181026  0.69904047956197202  0.70578597233980189  0.71235981281338778
  0.71931169072849066  0.72646180128332283  0.73406774375386008  0.74198066294440324
  0.74929208645395640  0.75527221632585151  0.76043782445772201  0.76549513020958204
  0.77009118391337028  0.77442880351393673  0.77878886168695116  0.78342618870718739
  0.78848349724314892  0.79365535413963617  0.79909713637544644  0.80435835413220602
  0.80929268399271403  0.81437183860255835  0.81990593400352907  0.82569834122808961
  0.83142607283968351  0.83743178766080140  0.84388664596383756  0.85013294415759433
  0.85808589231638832  0.86783492728045075  0.87812967136828801  0.88896544510891617
  0.90180858481494397  0.91910936120970910  0.94620614278590820  1.00000000000000000
   1.6118832339217260E-012  -1.0000000000000000     
 F F F F F F F F F F F F F F F F F F F F F F F F F F F F F F F F F F F F F F F F F F F F F F F F F F F F F F F F F F F F F F F F
  <DiscreteSampler_grid>
  grouped_processes
  1 # 1 for a reference and 2 for a running grid.
  10 # Attribute 'min_bin_probing_points' of the grid.
  1 # Attribute 'grid_mode' of the grid. 1=='default',2=='initialization'
  0.0000000000000000 # Attribute 'small_contrib_threshold' of the grid.
  0.5000000000000000 # Attribute 'damping_power' of the grid.
 # binID   n_entries weight   weight_sqr   abs_weight
    10   10   2.010066529008074E-001   9.491801022480846E-002   2.010066529008074E-001
    11   10   2.010066529008074E-001   9.491801022480846E-002   2.010066529008074E-001
  </DiscreteSampler_grid>
