 -0.01813234444526105  0.16261320946213867  0.25561309785543423  0.33037087970009255
  0.39438706246829758  0.45138057903878892  0.50252030387238256  0.54955866614207816
  0.59318293780097930  0.63359594203520497  0.67062178851530352  0.70419129073234454
  0.73500297185772312  0.76340238188288223  0.78917359260530995  0.81285713343922095
  0.83410363452589142  0.85336743861163711  0.87017686184843557  0.88537323680543456
  0.89893317134411543  0.91088807390482684  0.92145211409920635  0.93056268989094404
  0.93871313400504353  0.94510172713165042  0.95092189705686103  0.95621891557819072
  0.95963654593102854  0.96180917059388749  0.96392923951711496  0.96598677793100884
  0.96800020919469776  0.96994595958527419  0.97179468612832054  0.97352746766318321
  0.97515731829538210  0.97670337268968910  0.97817315165520513  0.97948122000911253
  0.98061109295086923  0.98167156269778610  0.98269574079510147  0.98367226232028071
  0.98461188493502771  0.98549673554393225  0.98632241666121268  0.98709877045248096
  0.98783701785568634  0.98852950414097462  0.98917695362395752  0.98980092195828417
  0.99038930620197529  0.99091645481336266  0.99142099120463101  0.99189894424766645
  0.99233247385905454  0.99275643485103560  0.99313645143330331  0.99348487745285574
  0.99382685603790633  0.99413536688413862  0.99442358040409551  0.99468776719582552
  0.99494896306082925  0.99520398082202022  0.99541129997136868  0.99560986282152097
  0.99579957827060361  0.99598166025572110  0.99616199977437636  0.99633927086840179
  0.99649342351460168  0.99662337830344061  0.99674798287415523  0.99687084038480034
  0.99698864843079515  0.99710528854654179  0.99721660128881495  0.99732701685436642
  0.99743469361210446  0.99753838189873989  0.99763000280488012  0.99771693920351190
  0.99778744970172484  0.99785763118523707  0.99792637936522244  0.99799474800623944
  0.99805967450346367  0.99812460100068801  0.99818622317235983  0.99824743303097874
  0.99829485216735081  0.99833073975217779  0.99836205929038635  1.00000000000000000
 -0.00379446359375071  0.01252110962921237  0.02781183925135296  0.04035206176256972
  0.05008174305969285  0.05893184312475329  0.06783304618542792  0.07647453648729999
  0.08480055921104628  0.09271109947217396  0.10103400220236901  0.11074752475771385
  0.12148978669765494  0.13130751723001441  0.14086450177025794  0.15140053294938749
  0.16382923782578881  0.17703876813859970  0.19027471098015925  0.20191038520491009
  0.21203681217144210  0.22212944254863212  0.23183558915808214  0.24186542418007789
  0.25250980661641498  0.26313647097850229  0.27339927915208462  0.28312785959172282
  0.29296244908122859  0.30238012442459483  0.31180893862043846  0.32151772759633784
  0.33189526518633439  0.34227055278412355  0.35216030958237116  0.36213714532496916
  0.37214677793225204  0.38129348040019134  0.39015064154609813  0.39915378014405584
  0.40768956027747555  0.41572068285002090  0.42347032557245834  0.43136813291629644
  0.44013210198702474  0.45033411709322740  0.46118020290725154  0.47219310838411216
  0.48272986731312095  0.49197748124164808  0.50122959595389427  0.51164109073584119
  0.52248761104945107  0.53369124555046388  0.54470224810930412  0.55685894215146692
  0.56823819701676392  0.57853448880006308  0.58948701192979502  0.60101882278414964
  0.61380037340902571  0.62527329337321391  0.63629404997270833  0.64706339088660780
  0.65811092450374897  0.66913997977702966  0.68266522713753508  0.69248005968333670
  0.70183040091594651  0.71131251335665857  0.72051287360719540  0.72934712922599110
  0.73807933155829475  0.74789263998501421  0.76005149247813442  0.77302438266409201
  0.78437027660723724  0.79428009151841905  0.80386152101852792  0.81392496104670575
  0.82440974147606116  0.83555977564260153  0.84666296200315416  0.85736270813018922
  0.86783346533604366  0.87819153371366043  0.88915014844734219  0.90127769754567910
  0.91366193868492240  0.92550627824689324  0.93741491693211587  0.95006944094932733
  0.96331075760639162  0.97612540939730685  0.98809883379114238  1.00000000000000000
 -0.00366056742663590  0.01218165681169186  0.02586641564131352  0.03942638045563072
  0.05284950031408484  0.06563801371165676  0.07773618622857846  0.08874664905908501
  0.09827565316193414  0.10835481173348424  0.11861656918743763  0.12813596955118403
  0.13726449082985637  0.14676355843584371  0.15675586459345067  0.16764171800952068
  0.17953778496647491  0.19160147019658602  0.20328919634046011  0.21432722227387321
  0.22580813559570126  0.23753479953728257  0.24855293668638978  0.25995535495641170
  0.26977818432025319  0.27846697741363863  0.28720240286189791  0.29675944728556958
  0.30597493121828939  0.31533108699066359  0.32472339857746985  0.33440347245668622
  0.34598009920709460  0.35712371131368154  0.36595403488360922  0.37587344778575044
  0.38625957328981680  0.39581873528024036  0.40420373429907508  0.41283626200100643
  0.42246583526074455  0.43247718683945219  0.44136023799103685  0.44976991225965018
  0.45870053408317918  0.46974893663376049  0.48119331060077469  0.49255597457406586
  0.50497882533479344  0.51836129699872180  0.53134769424986472  0.54332336235201351
  0.55433446287357058  0.56435408807803811  0.57388313129149526  0.58315605224915490
  0.59292214285461531  0.60372677238847139  0.61537539334448332  0.62693914143448626
  0.63744568034859062  0.64812922440959719  0.65946093889355739  0.67098007849145247
  0.68277160083442234  0.69183265051979270  0.70008796491312364  0.70875840695521586
  0.71739295192712116  0.72577757721930158  0.73294173906789339  0.73968633592997390
  0.74666793314770252  0.75490307468055107  0.76356422107119382  0.77239961454999007
  0.78124493504838111  0.78954604288691288  0.79897808815554894  0.80943636031207522
  0.82021627925640783  0.83136740587397684  0.84222256234266546  0.85470782554647118
  0.86768754681759408  0.87952092898460754  0.89037678692073796  0.90139909854483025
  0.91282921862240340  0.92485703677592423  0.93789098399256476  0.95125720966660088
  0.96396780087340628  0.97582317424864451  0.98754226206946738  1.00000000000000000
  0.00784563525304966  0.01434951004757301  0.02082383910947652  0.02814647854537676
  0.03570241646564244  0.04383510770318194  0.05361473620328560  0.06295939546520873
  0.07071008850768713  0.07858748243803912  0.08744213304367782  0.09720155710054232
  0.10635329309617728  0.11496278761006166  0.12328501091282448  0.13448134222240171
  0.14530571404789139  0.15481247338746490  0.16350710822587619  0.17168383726013453
  0.17989282171665030  0.18816188426065600  0.19667230706331970  0.20499442540300314
  0.21328348342219419  0.22220884203049981  0.23124893926601753  0.24075098538307371
  0.25142934048279575  0.26395518141357460  0.27932911123331272  0.29382419918464386
  0.30187160664193347  0.31021833109825825  0.31899128425909085  0.32856092069485815
  0.33861181634660992  0.34813254497200929  0.35806305239495007  0.37042025846269988
  0.38410036703971973  0.39827018523277730  0.41312899750772558  0.42763098432474311
  0.44071127535630061  0.45398502507232036  0.46779124475231509  0.48221047595981115
  0.49608152517156412  0.51039879769367857  0.52487481565693050  0.53784873589987159
  0.55061548438332253  0.56299145793775318  0.57536611218802414  0.58960999670943204
  0.60513240294902459  0.61907794586635789  0.63319628459242816  0.64612600614224214
  0.65946988727093137  0.66997634793052507  0.67971544654955152  0.68955071323818729
  0.69873373886002998  0.70787281203098651  0.71753809108954481  0.72635711422967897
  0.73577887766683669  0.74586500232628083  0.75721076745613525  0.76839272454140706
  0.77889931030948589  0.78913233202480959  0.79851500656117347  0.80718273692893761
  0.81588698077042099  0.82336803299164818  0.83150207903585549  0.83962978280661305
  0.84747062808661899  0.85501694825755326  0.86316155053972377  0.87223244762651875
  0.88343234513885482  0.89584775581224518  0.90800863076031835  0.91897254509753090
  0.92835700578191505  0.93711051754247232  0.94606700148916478  0.95566655952700896
  0.96611284374476969  0.97721683981389595  0.98862406889315091  1.00000000000000000
 -0.00266750717800154  0.00850855704900368  0.01920647873978603  0.03030605892721226
  0.04284620174913661  0.05557523611372900  0.06815488792708080  0.08190411259740805
  0.09634740949677545  0.10993379687657438  0.12251716889511989  0.13509214692749918
  0.14728182019968172  0.15906469321615366  0.17061090416626276  0.18230185940552951
  0.19413724072924315  0.20619734264001335  0.21888550558796008  0.23167441529840480
  0.24291616249290421  0.25359651619966950  0.26339968192993585  0.27313713778878146
  0.28297483647891492  0.29378378955096845  0.30530125543576764  0.31624440083723315
  0.32694885153454267  0.33816665835656456  0.35012921982766931  0.36151491187407159
  0.37236842564407041  0.38288995254022273  0.39287489699237338  0.40247185329865898
  0.41049343080940626  0.41934464511214681  0.42866776530685463  0.43864670636125391
  0.44807714268898807  0.45717412429019655  0.46733501230180335  0.47973450471955875
  0.49285046155872125  0.50470516184691860  0.51436077249649659  0.52420028685284259
  0.53455812764613253  0.54498322250521680  0.55408640667042353  0.56341162963917180
  0.57425328651241170  0.58503047380619277  0.59480287632107653  0.60438871484518042
  0.61410758372982432  0.62391652825078692  0.63296079106616554  0.64180843077889849
  0.65079297072823783  0.65989245278242603  0.66888165236329855  0.67877330312516748
  0.68850991918638227  0.69908291633926967  0.71040307180663864  0.72440489427953558
  0.73842826353900892  0.75326166184870047  0.76750309078271617  0.77922577547107919
  0.78894774389867250  0.79878488599179676  0.80899174537917118  0.81893051720796817
  0.82778447060844396  0.83641589571714736  0.84519236020992783  0.85411356323862253
  0.86362221557142482  0.87359981689141586  0.88224869902377046  0.89053887514226882
  0.89880339475786364  0.90673687761570798  0.91469856405712402  0.92274773527838350
  0.93030440088146404  0.93825876859143176  0.94787268323196150  0.95758246563809080
  0.96638840377096102  0.97549579746627335  0.98643489694979880  1.00000000000000000
 -0.00262650814489551  0.01381079586858271  0.02621282198063572  0.03640096398886643
  0.04653363977440700  0.05692322568534062  0.06638081377132517  0.07411976986738744
  0.08114358457082002  0.08781068365805259  0.09471997077847187  0.10215073090998196
  0.10980704344302418  0.11705125190145274  0.12472978162663069  0.13498279645676511
  0.14725806737982267  0.15917722130971401  0.17120228410889252  0.18329486379916174
  0.19541793225940063  0.20884104806506887  0.22281019596904877  0.23580692263281683
  0.24838864368347335  0.26115434790658154  0.27359005895487470  0.28542726549165914
  0.29777817159158004  0.31067032671426881  0.32274481965781721  0.33449966232612549
  0.34629194033710231  0.35746038561419963  0.36729686870736422  0.37651430294933219
  0.38595149655104266  0.39552112255606686  0.40467399997060910  0.41386651332490454
  0.42351617653781637  0.43373183880063104  0.44316850514415157  0.45200815860941967
  0.46204193045399716  0.47454274894120518  0.48555576875072493  0.49538862280997470
  0.50560647254655822  0.51701190428224086  0.52831487405401234  0.53951767875857926
  0.55181270366226409  0.56466662649270272  0.57693525754060848  0.58837233393353916
  0.59969819425928617  0.61093664189265651  0.62214953315581678  0.63383751559456225
  0.64713271520790872  0.65993198940227904  0.67392927689852766  0.68669258589226467
  0.69740097525830991  0.70732780985471844  0.71763036478742570  0.72795665648143293
  0.73831056404643369  0.74904669661411394  0.76150700397619075  0.77456985706424841
  0.78755275097878730  0.79891019620498660  0.80853081901298340  0.81828056937159166
  0.82809704761897662  0.83780138925337189  0.84727381207593999  0.85676763830544556
  0.86619448226651563  0.87578522793892477  0.88441196643483933  0.89282701987581237
  0.90093408997588709  0.90885676114072744  0.91714499103519664  0.92713713086639604
  0.93853609394101367  0.95063135975557900  0.96009492518617101  0.96842373784189362
  0.97658216789914176  0.98449168754211647  0.99232131550124725  1.00000000000000000
  0.04399849763386678  0.09797077390950933  0.11903536209913541  0.13686824396574662
  0.15434108120869247  0.17066755795860336  0.18533822749437379  0.19868039774742646
  0.21170744587322990  0.22595954309599878  0.23761970970549662  0.24889299531977258
  0.25950536280162584  0.27085152558653391  0.28265196960512545  0.29326975497620222
  0.30317204481585486  0.31236933133541678  0.32078606583810093  0.32982462544460339
  0.33813558411599826  0.34655129147384484  0.35414235662898991  0.36110876419890231
  0.36800820811253476  0.37509649650303406  0.38223649329495596  0.38912326836407080
  0.39557115781210311  0.40126550594869687  0.40708909311330060  0.41314223687014184
  0.41928520395627156  0.42507839455879587  0.43078761120444731  0.43654363506863758
  0.44221329643277402  0.44780633970890704  0.45341763161594506  0.45867015240576203
  0.46388819850113261  0.46903021604663003  0.47397547386522465  0.47921546116385660
  0.48486084244402672  0.49076396997218041  0.49690976831354683  0.50307779076657744
  0.50949436923640345  0.51593598862917156  0.52208284986902709  0.52799799149385285
  0.53392774811849342  0.53988254588907414  0.54582304114230917  0.55170947868731912
  0.55745584652757796  0.56337789311548225  0.56953378928356369  0.57568717428235128
  0.58174840463574029  0.58753190207848505  0.59337839424475503  0.59925967178769679
  0.60517900055756546  0.61128584714179557  0.61731456027220133  0.62296299989947013
  0.62831904190563914  0.63344707072400486  0.63901469593096749  0.64488498134508965
  0.65132033800601108  0.65814462771632187  0.66524733882689857  0.67279044649245701
  0.68042460321068288  0.68819873255079722  0.69590843964775162  0.70381112763879727
  0.71148099596222991  0.71865568263599910  0.72586386413425041  0.73449729379683437
  0.74480257390942495  0.75656152403709809  0.76861416663738624  0.78049381427577980
  0.79300839761367525  0.80721545818117790  0.82310474003409895  0.84142179121576466
  0.86263510765830220  0.89809110250150592  0.94843524430444870  1.00000000000000000
   6.0752320848921150E-013  -1.0000000000000000     
 F F F F F F F F F F F F F F F F F F F F F F F F F F F F F F F F F F F F F F F F F F F F F F F F F F F F F F F F F F F F F F F F
  <DiscreteSampler_grid>
  grouped_processes
  1 # 1 for a reference and 2 for a running grid.
  10 # Attribute 'min_bin_probing_points' of the grid.
  1 # Attribute 'grid_mode' of the grid. 1=='default',2=='initialization'
  0.0000000000000000 # Attribute 'small_contrib_threshold' of the grid.
  0.5000000000000000 # Attribute 'damping_power' of the grid.
 # binID   n_entries weight   weight_sqr   abs_weight
    10   10   2.226027383939841E-001   8.746697230873227E-002   2.226027383939841E-001
    11   10   2.226027383939841E-001   8.746697230873227E-002   2.226027383939841E-001
  </DiscreteSampler_grid>
