 -0.01795583737933169  0.16544564924629704  0.26012084994238793  0.33543581019219121
  0.40064725737342977  0.45880745406314966  0.51161037112968677  0.55955527611769573
  0.60392283778539768  0.64423792112328282  0.68105439101560161  0.71464580232682573
  0.74605308432310069  0.77474036380674982  0.79998091379203196  0.82318841734215553
  0.84430901946425319  0.86323593824219602  0.88007914771994766  0.89486907967545937
  0.90798809357199417  0.91952407550534965  0.92913206587396524  0.93772594038831536
  0.94450699038238017  0.95068531406273205  0.95625582435743661  0.95976468359999156
  0.96192017293507370  0.96407786123314765  0.96611622244368900  0.96805219334555703
  0.96990722420914333  0.97168747497918306  0.97338823931098806  0.97500140324371065
  0.97652026124628533  0.97795614268114195  0.97928147294445955  0.98041667965310109
  0.98149276247671535  0.98250936205796680  0.98346881596999869  0.98437076622704855
  0.98522395480633218  0.98603345692474720  0.98679380083778678  0.98750835973778206
  0.98818689752850564  0.98882850783089071  0.98943974200697460  0.99002027637606138
  0.99056099382374996  0.99107705860805761  0.99156995556571526  0.99203735336860621
  0.99246876764563707  0.99287294659937153  0.99325247322112220  0.99360889020896637
  0.99393544380747600  0.99425165040847896  0.99455481313285943  0.99480623235628962
  0.99505408006645901  0.99529897693883307  0.99552325686573395  0.99572940084948192
  0.99591080489908024  0.99608736470181902  0.99626203648897216  0.99643080793070404
  0.99659008217666856  0.99672925047227467  0.99685535533732217  0.99697098575228515
  0.99708423741220742  0.99719675463358581  0.99730260581760577  0.99740790581358418
  0.99750886897876756  0.99760963739851594  0.99770231784428154  0.99779411937518869
  0.99785966790807001  0.99792035483843489  0.99798172124773754  0.99804324710675474
  0.99810204676001779  0.99816018119630323  0.99821636938338654  0.99827164479843844
  0.99831273695116474  0.99833634000899796  0.99835694957104648  1.00000000000000000
 -0.00367086912250424  0.01239730643787507  0.02364997455769281  0.03364460618820580
  0.04419280478860541  0.05424145118788888  0.06351010375918296  0.07231055340306919
  0.08112303469396247  0.09236943986289388  0.10333779953534791  0.11641868373963589
  0.12796923146462824  0.13921905404919890  0.15118898268969305  0.16280507554745358
  0.17352371750007642  0.18413397079828156  0.19499648931594582  0.20584422200041241
  0.21612805897428924  0.22574450248665692  0.23462308925918457  0.24309617119321200
  0.25129200366918819  0.25870712330196599  0.26644218516628504  0.27452321897811433
  0.28222886377572565  0.28976708218184855  0.29814202889492869  0.30750680635534905
  0.31788217603689373  0.32891607325019057  0.33872143074295341  0.34814530793531828
  0.35832648877633544  0.36826079391260030  0.37757008589475344  0.38679247271492623
  0.39575891704394534  0.41022594681350250  0.42133786038282423  0.43068089200232096
  0.43978979855295464  0.44909497295463391  0.45854736620436176  0.46765933890585498
  0.47666993798158958  0.48773092347821084  0.50055887984998992  0.51364627363717141
  0.52730137892914763  0.54129118616190020  0.55495298727906350  0.56817561639334724
  0.58131848242654993  0.59437021925498468  0.60883044098163930  0.62267562365526208
  0.63605422264828038  0.64802808587822047  0.65843627248962933  0.66920925906019868
  0.68033071472787476  0.68978381605705563  0.69770772028665062  0.70578960304130545
  0.71447738246502690  0.72325836772468410  0.73220660140768801  0.74131547073011061
  0.75111641507989402  0.76211811057139478  0.77232263839536441  0.78177198952492566
  0.79120699030852693  0.80258446907608172  0.81508787566589624  0.82786835123471103
  0.84085706581453901  0.85266447804386847  0.86356173608639453  0.87450078609198878
  0.88496842474213389  0.89587131544896104  0.90677439885723643  0.91800684705291979
  0.92923873096460952  0.94008675501911199  0.95087372470311260  0.96106957546617378
  0.97058584608169740  0.98018633863362647  0.99001725581451239  1.00000000000000000
 -0.00267738410093361  0.00994209468530778  0.02150107760777385  0.03307549015413859
  0.04556780362675222  0.05800202655121384  0.06883662308407547  0.07809707514195185
  0.08703325985088428  0.09605156611599623  0.10578156749398433  0.11593958235023905
  0.12778866178383216  0.14308890019968726  0.15445531722313205  0.16403033772943557
  0.17267086024688705  0.18101029610200906  0.19024170584306427  0.19938715633668475
  0.20951680406684831  0.21985056670767897  0.23007863245166554  0.23992223437976823
  0.24993202752676980  0.25951492568461221  0.26936157165645075  0.27920480117088953
  0.28780573148611832  0.29559876269455948  0.30350853001026046  0.31220895220043421
  0.32198519526015440  0.33196832546270399  0.34259650376249118  0.35384365683183311
  0.36533777849478705  0.37673886967545028  0.38815100080630727  0.39912096799311764
  0.40884041610673705  0.41816181693821380  0.42775504124991259  0.43801273187678147
  0.44843538690646467  0.45956965019704560  0.47177283692177308  0.48308553477523264
  0.49318593524351512  0.50320033712014067  0.51234360550259694  0.52115659237319512
  0.53021331785833692  0.54013311131717368  0.55050904466197847  0.56154730692698496
  0.57351638577157149  0.58620320152545480  0.59949312470192351  0.61221133461474886
  0.62421380437676632  0.63586685460853731  0.64903046458678870  0.66281073436446769
  0.67451451713427102  0.68574361766780312  0.69682698318668668  0.70847758333702882
  0.71828375286221391  0.72707712463515040  0.73583863121233140  0.74504167739436067
  0.75493842607074735  0.76480870625969666  0.77486066470813031  0.78560891453295312
  0.79707756703187604  0.80935710120338633  0.82122151757133366  0.83315530512943037
  0.84622636263017870  0.85884593207841087  0.87081124843888036  0.88267601198967238
  0.89381052235977498  0.90262879043022448  0.91031127443566340  0.91868964845210332
  0.92704275686935311  0.93520767321847520  0.94340750065340473  0.95176665026453855
  0.96163919654176411  0.97424328451247355  0.98778238877731273  1.00000000000000000
  0.00687139709464917  0.01792749211709844  0.02899686087831116  0.03924339076314300
  0.04874369261355297  0.05815048197647057  0.06775397255993390  0.07778338481475135
  0.08856780747564766  0.09965195990581027  0.11404547400977344  0.12535460840249629
  0.13455403304532579  0.14343884717499764  0.15268669586548941  0.16161242376901727
  0.17034310566879915  0.17927600107527619  0.18705685149600929  0.19670106128823414
  0.20696995177959285  0.21627626099171088  0.22668032221979612  0.23740987095157087
  0.24946549170195118  0.26156156165584027  0.27415892231143724  0.28879961700397455
  0.30284963257847086  0.31610835185077518  0.32740671284746231  0.33749472243731443
  0.34652750093124979  0.35658188694157961  0.36705080455638306  0.37784079052908337
  0.38898746816545265  0.40011696933457963  0.41183190820596521  0.42527075457090485
  0.44005934786813183  0.45529025704473602  0.47007489398225977  0.48521810592841919
  0.49942085554722487  0.51339991708610166  0.52626551535483101  0.53861882962784280
  0.55157985140239785  0.56472560425283325  0.57766103761724663  0.59068508528933461
  0.60288797971730668  0.61315614500850746  0.62202607926636122  0.63036218495208929
  0.63898901918257911  0.64765534955708104  0.65613332041745254  0.66481523196674797
  0.67510990601650622  0.68728517347161411  0.70012134589579844  0.71189457345215712
  0.72268828453587541  0.73303369089278736  0.74374299720897352  0.75453939243117962
  0.76505736461241847  0.77547134831528985  0.78583271896588580  0.79624087513011887
  0.80691969695988075  0.81675437297064313  0.82463184513147281  0.83292585548748577
  0.84102399895916979  0.84962215982221845  0.85810290313332882  0.86666350857351915
  0.87483841311984634  0.88334667567413261  0.89199478655805131  0.90037143519236895
  0.90847762317992264  0.91655892532073235  0.92420856434572296  0.93276855116262303
  0.94146257651423648  0.95089962233354741  0.95915331418532590  0.96589280644327713
  0.97258722836071099  0.97905546514724251  0.98519152950420552  1.00000000000000000
 -0.00285793148785807  0.01034131891184842  0.02115137535803862  0.03035133924458190
  0.03899184197998554  0.04796838190345101  0.05770047433213821  0.06775265487845412
  0.07696058996667790  0.08658711709591529  0.09795392191029596  0.11068796811949246
  0.12311853568021630  0.13430263701798362  0.14577021260409964  0.15777968939058826
  0.16921852784878333  0.17973825871913704  0.19018754742190166  0.20188780978916068
  0.21182650161234212  0.22118674606733135  0.23105642708524776  0.24036738886641992
  0.24904972315812193  0.25705311050149282  0.26543394002651827  0.27513730874932690
  0.28640654421980527  0.29720422350644043  0.30677382198222553  0.31563605840342246
  0.32396263933755781  0.33244495304305266  0.34132155303386685  0.35054603853063743
  0.35999038192231936  0.36977842952366236  0.38109922655648132  0.39416834501010328
  0.40688981933740265  0.41933033556741656  0.43086865924777579  0.44214221168332141
  0.45371651534109519  0.46518323863718980  0.47676749974729504  0.48833174930255374
  0.49903340556449494  0.50931763548526487  0.51924243674271908  0.52858406778936373
  0.53774728712763853  0.54699110428118147  0.55574296079316821  0.56429548718698530
  0.57269535104727542  0.58205524484539461  0.59178171862631535  0.60001694801152117
  0.60825548046876710  0.61717871089979315  0.62632203043614776  0.63515491518754352
  0.64380924829951647  0.65296680533811968  0.66207160719723124  0.67186725907860678
  0.68160882230766340  0.69338750558744677  0.70624880253641420  0.71866107861703710
  0.73033248598335687  0.74178342179232548  0.75312688953984497  0.76365012328080240
  0.77353742634172706  0.78356733074747298  0.79448396947693301  0.80593114270644484
  0.81755733012976872  0.82977357817882025  0.84320031163986986  0.85765887742739755
  0.87083876092351487  0.88442948860567783  0.89768719857178603  0.91084409930973709
  0.92222321622296621  0.93243467867601015  0.94289362768114415  0.95363041309499996
  0.96449231585071604  0.97592820065440544  0.98809737743976234  1.00000000000000000
 -0.00304300300942048  0.01543282127089320  0.03069739673764495  0.04431910943487298
  0.05653199034728579  0.06809655845481934  0.08023807903226557  0.09278246612754928
  0.10623052832124716  0.11588750337311296  0.12652508932540946  0.13596235854387564
  0.14598288781724464  0.15579282479900197  0.16553262612641212  0.17503534351127914
  0.18343245555739091  0.19139145724895920  0.19960360335943661  0.20811603566108666
  0.21759241030933690  0.22705852455732012  0.23610062705297968  0.24493940330848024
  0.25449534143077784  0.26422792310403304  0.27510658696384510  0.28628261781417014
  0.29737450073748739  0.30871620207303546  0.32060623776357200  0.33385600314134944
  0.34438926967797479  0.35509401172392369  0.36583256633995559  0.37650745737562941
  0.38745684158103744  0.39982328726486227  0.41280262449372185  0.42513479814301580
  0.43694244575291274  0.44798763505007799  0.45940873958749490  0.47057316577340547
  0.48117702820222441  0.49171228544810797  0.50277597832912690  0.51455201629517866
  0.52652740241374441  0.53784047681631808  0.54875943864617849  0.56018725891505727
  0.57123435505563003  0.58338924785136193  0.59593101094201117  0.60902061271901209
  0.62014341476324963  0.63223638516717562  0.64425727745016270  0.65671978162293765
  0.67016376106382214  0.68379954994478043  0.69674781796228813  0.70807159031145284
  0.71755721788717819  0.72627138529751967  0.73461244333093323  0.74277573442426525
  0.75116901488784926  0.76013424849442190  0.76849090342282977  0.77854594183472225
  0.78873913031889076  0.79813158963738318  0.80740778378922851  0.81563477548098440
  0.82352853456092900  0.83124781829761241  0.83858587066155776  0.84583601346899673
  0.85350666153084209  0.86130469176396518  0.86893236644897853  0.87693111314903860
  0.88590396006099914  0.89538305901348658  0.90648486117788252  0.91777775536712503
  0.92874583669754818  0.93966228683513231  0.95082205026567934  0.96172452018816823
  0.97238582872117485  0.98242119656537463  0.99138624163838918  1.00000000000000000
  0.02616493316046407  0.11250390735144922  0.15619594185564073  0.18019527571448463
  0.19886185590896738  0.21331519655925962  0.22592767757092802  0.24006870949680553
  0.25610546717212868  0.27176928835078168  0.28613481958349957  0.30094491785644639
  0.31498593352372145  0.32915755398124907  0.34223126473787663  0.35473370391907905
  0.36693240857963472  0.37859639529748690  0.38995638562686880  0.40069870249455147
  0.41044491950638640  0.41977613350350573  0.42923518174966258  0.43865466411947418
  0.44813611642667678  0.45700093228774336  0.46677947335342301  0.47679677643506152
  0.48664429443946638  0.49587283004769978  0.50483145837438004  0.51372885424341019
  0.52238786708167761  0.53083431062393127  0.53963232441675957  0.54705386894525077
  0.55400640793998812  0.56137526776310764  0.56919846857544443  0.57645221309874550
  0.58283702566037099  0.58919142523058687  0.59523042625953848  0.60170853933769841
  0.60861815390222185  0.61600864908954356  0.62312444642265996  0.62962758218332260
  0.63619811536241222  0.64272733163600371  0.64927062048919848  0.65584058860418148
  0.66260810507788226  0.66953792122628064  0.67623998632213722  0.68267200793412419
  0.68956277045417247  0.69694974449206304  0.70449451790861140  0.71194885287636400
  0.71929929775479295  0.72624466884030159  0.73350526208126410  0.74052703203736503
  0.74782154219129016  0.75495981986457150  0.76175689366253729  0.76829684143649168
  0.77474263319076608  0.78117302818140322  0.78767616588083311  0.79476511064734934
  0.80196506721953309  0.80904285518648966  0.81544042505330738  0.82136121625053238
  0.82704858945582416  0.83238449686321070  0.83714515026459824  0.84175047299587680
  0.84659000750387448  0.85155555667600502  0.85662971071823479  0.86164287498637915
  0.86719099197959515  0.87261296694666390  0.87818835126097783  0.88415980289283091
  0.89094135106632155  0.89920225851440727  0.90901149962131189  0.91734880062641322
  0.93402597837629775  0.94447795135585899  0.98816339285973864  1.00000000000000000
   1.5990568030922831E-012  -1.0000000000000000     
 F F F F F F F F F F F F F F F F F F F F F F F F F F F F F F F F F F F F F F F F F F F F F F F F F F F F F F F F F F F F F F F F
  <DiscreteSampler_grid>
  grouped_processes
  1 # 1 for a reference and 2 for a running grid.
  10 # Attribute 'min_bin_probing_points' of the grid.
  1 # Attribute 'grid_mode' of the grid. 1=='default',2=='initialization'
  0.0000000000000000 # Attribute 'small_contrib_threshold' of the grid.
  0.5000000000000000 # Attribute 'damping_power' of the grid.
 # binID   n_entries weight   weight_sqr   abs_weight
    10   10   2.502149202830454E-001   8.543686298011807E-002   2.502149202830454E-001
    11   10   2.502149202830454E-001   8.543686298011807E-002   2.502149202830454E-001
  </DiscreteSampler_grid>
